  -1.66023  -1.21133 -0.440892 -0.136539  0.267787  0.263448 -0.0748835 
  0.0628115  0.120713 -0.191968 -0.365578  -1.00638 -0.983879 -0.586369 
  -0.289998 0.0351897  0.753803  0.795981  0.410389 -0.807264  -1.51631 
  -0.727574  0.228659  0.913859   0.71455 -0.863807   1.06129 -0.868365 
   0.239003  0.838191  0.017387 -0.559937 -0.289251   0.42964   0.77083 
    1.08536   1.55309 
   0.624115 -0.568923   1.64459 -0.314922  0.554554  0.828573 -0.067582 
  -0.438417 -0.366111 0.00458516  0.134003  0.362157  0.986539  0.426451 
   0.910642   1.33447   1.41703    1.5005   1.08929  -0.12268 -0.395987 
  -0.0683658  -2.45337  0.720151  0.668308   1.04614   1.14994   1.51788 
    1.13677   1.13285   1.29308  -1.72513  -2.23281  -1.27054 -0.540581 
  -0.352801   -0.4541 
   -1.53653 -0.805135 -0.484068  0.297162  0.530688  0.880838  0.927488 
    -2.4024  -2.03307 -0.994391 -0.202369  0.312745  0.054667 -0.556483 
   -1.15486  -1.69124 -0.959571 -0.855435  -1.26076    -1.888  -1.44574 
   -0.78552 -0.0465291  0.955116  0.375374 -0.660919    0.1374 -0.625606 
   0.370951  0.540938  0.534929  0.315493  0.222229  0.427976   0.75157 
  -0.582988  -2.08203 
  0.0476946  -1.05146 0.00708253 -0.885076  0.444531  0.744288  0.647929 
   0.431146  0.309791  0.399087  0.721119 -0.787872  -2.09864  -2.33083 
   -1.74127   1.33396   1.96887   2.04054  -2.75476  -2.99743  -2.58642 
   -1.18401  0.453331   1.67887   1.49643   1.26615   1.11154   1.02666 
    0.34516  0.216335 -0.0297073  -1.14073  -1.32797  -1.58946  -1.80545 
    -1.6412  -1.38634 
    1.22025  0.633468  0.448237  0.113933 -0.763248 -0.618445 -0.613297 
   -1.90719     -1.88  -1.73035  -2.00696  -1.75002  -1.42817  -1.72602 
   -1.82893  -1.59674  -1.53336  -1.63592  -1.56892  -1.86834  -2.07868 
   -1.13775 -0.458027   0.84308    1.8953   1.55885  0.911676  0.638795 
   0.871624   1.67158   1.26042   1.88929   1.37857  0.527077 -0.156514 
  -0.237508  -1.34505 
   0.247591  0.860474  0.407765  0.341462  0.422335   1.27782   1.16258 
    1.82142   1.49281  0.573286 -0.105607 0.0391486  -1.45055  -1.29333 
   -1.01123 -0.696584 -0.143118  -1.06728  -0.61054  -1.20727  -2.35492 
   -3.29491     -9999     -9999     -9999  -2.50821  -1.38572  -0.44815 
  -0.107282  0.622211  0.476892  0.617398  0.188482  0.106891 -0.831447 
  -0.290278   1.11999 
      -9999  -3.00433  -2.04423  -1.36083 -0.979755 -0.0766656 -0.180223 
   0.263988  0.191024  0.392041  -1.63383  -1.22111  0.399405   1.17281 
   0.904165   1.04455   0.69132  0.375142  0.540127  0.542865  0.137261 
  -0.594852  -1.04096  -1.18789  -1.01263 -0.488821 -0.330782 -0.341609 
  -0.0820783  0.624354  0.433427  0.379143  0.261593  0.179748   0.22829 
    0.34765  0.346986 
   0.102656  0.403637  0.631439  0.763208  0.687074  0.587108   0.83495 
    1.27931   1.41917   1.25145   1.59413   1.88973   1.91823   2.27212 
    2.38086   1.90357  0.988836  0.741855   1.48053  0.935952  0.583369 
   0.934154  0.682621  0.103628  0.140962   0.15752 -0.0498974 0.0244367 
  -0.111092  0.268239  0.999177   1.75479   1.78487    1.4428   1.23516 
     1.2347   1.23202 
  -0.0463458 0.0754704 -0.0421229  0.195781  -0.13355 -0.112736  0.393391 
   0.885299  0.978967   1.09065   1.31142   1.09556  0.560426   1.73725 
    1.83734   1.61938  0.882148 -0.0813857  0.636246 0.0964152 -0.540216 
   0.024132  0.823121   1.07526  0.532181 0.0752707 -0.412063 -0.203892 
  0.0512592  0.480706  0.847553  0.700909 -0.233207 0.0502069  0.378719 
   0.373528  -1.02232 
  -0.371664  -0.55084 -0.792628    -0.626 -0.155618 0.0339085  0.314556 
   0.450997 -0.420772 -0.327176 -0.020863 -0.0455789  -2.11785  -1.72856 
  -0.0463038  0.415663 -0.556667  -1.70608  -1.30999  -1.62792  -2.00499 
   -1.51008  -1.25205  -1.75795  -1.73342  -1.26409  -1.20285  -1.41841 
   -1.27029  -1.11544 -0.264325  0.874298   1.37195   1.23655   1.04713 
   0.575196  0.204364 
   -1.39294  -1.12635 -0.936752   -1.0045 -0.736042 -0.411655 -0.0442924 
   0.728035  0.823139    0.6415  0.493097 0.0790233 -0.356092 -0.751949 
  -0.249366 -0.230121  0.466052  0.257003  0.580047  0.366086 -0.615486 
   -1.07067 -0.843969  -0.37751  0.464636   1.64143 -0.121082   1.04865 
    1.10496  0.646967 -0.062301 -0.131417 0.0377835 -0.439786  0.900072 
    1.56628  0.882576 
  0.0920248   1.53777 -0.369184   1.11998   1.41919   1.28831  0.412821 
   0.148134  0.457472 0.0290897   1.43203     2.002  0.927242  0.832722 
    1.37951   1.20072  0.547665  -1.11028  0.205165  -1.28259  -1.60989 
  -0.605594  0.191941 -0.543052 -0.144683  0.613539  -1.53165 -0.285923 
  -0.525494 -0.0658318 -0.00923705 -0.508128 -0.383502 -0.750295   0.48325 
   0.932711  0.527513 
  -0.274343  0.968867   -1.6476  0.128029 0.00399305  0.454143  0.523273 
  -0.283457 -0.292349   -0.6716  0.851221   1.08889  0.429004 -0.134485 
   0.562117  0.934901   1.05427  0.179092 -0.0544917  -1.86113  -2.89715 
   -2.27034   1.47704   1.58547  0.735808   0.71089 -0.0786507   1.04055 
    0.85408   1.28834    1.0726  0.841251  0.396509  0.515758  0.254977 
  0.0163756 -0.948033 
   0.610112   1.21739  0.426932   1.96417    1.8486   2.10482    1.9303 
    1.45945   0.13626  0.936234  0.681789 -0.0259309  -1.57533  -1.29391 
  -0.201205  -1.04619   0.31512   1.40546   2.14351   2.35761   1.30614 
   0.566042    0.6059  0.326936  0.250139  0.781049  0.618505 -0.680389 
   0.444092   1.91316   1.88609  0.822278  0.827176  0.745439  0.363294 
   0.273344  0.305902 
  -0.681672  0.208436   0.37253 -0.791584   0.69418   1.99734   1.85991 
   0.451975  0.183729  0.273294 -0.0366548 -0.191901 -0.265543  0.513835 
    1.82154 -0.216476 -0.435318 0.0491878 -0.240493 0.00144865  0.143329 
   0.773425  0.744915  0.673795 -0.675737 -0.0665067   1.59126   1.07116 
    1.16477  0.881237  0.593627   0.37387 -0.0977111 -0.220461  0.148181 
    -2.0442 -0.0889569 
  -0.853852  0.204924    2.0432   1.37871   1.90666   1.68537   1.60643 
    1.03394  0.331151  0.205866  0.661345   -1.9294  0.156644  0.662094 
    1.82609  0.775496 -0.045316  0.398092   1.73563  0.611079  0.237461 
     1.1511  0.790293   1.27991   1.57041   1.40663    1.3621   0.69036 
   0.570425  0.716044 0.0601352  0.948839   1.47838   1.66582   1.76592 
    1.20586   1.53575 
    1.20839   1.05465   1.02516   0.16857  0.185283  0.319663 -0.587498 
   0.452174  0.644087  0.690228    1.0754    1.1035   0.60908   1.16039 
   0.824586   1.05964    1.0599  0.676298 0.0324429  -1.06802 0.0279415 
   0.736053   1.21589   1.14236  0.822968  0.683388   1.43724   1.08722 
   0.985088  0.832313  0.738085  0.856659    1.8502   1.85572   1.51756 
   0.890448  0.216131 
   0.005976 -0.0516171   1.02276  0.161125  0.533166  0.204093  0.379372 
   0.407935     1.224  0.947316  0.691359  0.303346  -1.01597 -0.0690279 
  -0.550883 -0.302084 -0.111798  0.270653  0.428267 -0.106712  0.504132 
   0.827529  0.218832 -0.233753 -0.378044 -0.812211   -1.2949   -1.0361 
   -1.79917  -1.79684  -1.59573  -1.38542     -1.35   -1.3235  -1.18107 
   -1.23046 -0.834859 
  -0.546689  -0.95911  -1.49647  -1.17626  -1.02891 -0.756819 -0.870263 
  -0.780793  -0.65134 -0.603847 -0.844951  -1.77469  -2.35606  -2.51272 
   -3.15589  -2.48928  -1.62449 -0.991059  -1.19092  -1.90354  -2.62798 
   -2.53977  -2.18293  -1.89855  -1.36668  -1.10042 -0.886139  -0.69911 
  -0.579578 -0.202929  0.315316   1.15947  0.921737 0.0756592 -0.891512 
  -0.886516 -0.626412 
  -0.776235  -0.45362 -0.282579 -0.0704788  0.306012  0.602921  0.650958 
    1.37468  0.673773 -0.0101794  -1.16759 -0.848143  0.109952  0.545688 
   0.270824 -0.136805  0.651734  0.838557   0.82051  0.604603 -0.697596 
   -1.21137  -1.26373 -0.847237 -0.664696 -0.597607  -0.65074 -0.759743 
  -0.826001 -0.490595  -0.36748 -0.346021 -0.208765 -0.249519 -0.453535 
  -0.748158  -1.38564 
    0.73597  0.687794  0.633064  0.737358  0.232767 -0.545461 -0.525275 
    -1.1999  -1.40992   -1.6092  -1.57548  -1.65745  -1.58967   -2.0053 
    -1.5568 -0.634572 -0.966341  -1.25126  -1.88132  -1.71975 -0.641921 
   -1.31146  -1.52969  -1.23372  -1.02247  -1.88127  -2.52243  -2.78472 
   -2.48645  -1.26034   -1.4396  -1.26567  -0.66402  -0.32976 -0.150237 
  -0.0663196  0.125393 
   -1.23979  -1.97042   -2.2106  -2.37359  -1.86273  -1.69529  -1.02514 
  -0.985876 -0.544816 -0.143443  0.451767  0.445144 -0.656487 -0.741136 
   0.274564  0.434463  0.206441 0.0818324   -0.7579  -1.77366  -2.36441 
   -3.22466  -2.32787  -1.83893   -1.7584  -2.26227  -3.10474  -2.94288 
   -2.39887  -1.69546   -1.2017  -1.62246  -1.29969 -0.954706 -0.567666 
   -0.02183 -0.102445 
   -1.87038  -2.16309  -2.22531  -2.35408  -1.96318   -1.2012  -1.03323 
    -1.2695  -1.68439   -1.7557  -1.32528 -0.828686 -0.561486 -0.453762 
  -0.238291 -0.340539 0.0988452  0.209723 -0.312095 -0.630476 -0.991913 
  -0.474033  0.190904  0.188463 -0.0637654 -0.134048  0.194659  0.685785 
   0.511154  0.596217  0.435984  0.442564  0.530427   1.15304   2.06506 
      -9999   2.14735 
  0.0270329 -0.072497  0.327434  0.771574   0.61033  0.239071  0.471902 
   0.605669  0.934761   1.62166   2.43331     -9999   1.88859   1.38174 
    1.18057  0.113899 -0.0752799  0.319479 0.0441824 -0.691813  0.435203 
   0.020169  -0.32876 -0.615054 -0.687951 -0.542879 0.0520903  0.316477 
   0.662283   0.98117  0.685258  0.417378   0.27373  0.212457  0.764277 
     1.2483    1.8216 
   -0.57191 -0.296925  0.468169  0.480165  0.674147  0.766149   0.77395 
   0.883469  0.414978  0.634671   1.33914   1.53686   1.60945   1.21274 
    1.62863    1.9023   1.67595   1.50734   0.78866  0.978882   0.52037 
   0.106673  0.048007 -0.0519198 0.0709654  -1.25348  0.201648  0.300087 
   -1.01411 -0.752423 -0.264212   1.00524  0.521825   1.26536   1.02862 
    1.13088   1.38842 
   0.507336 -0.0970742  0.863057  0.545902 -0.274879  0.294072  -0.10179 
    0.94145  -0.42885  0.713623   1.12886   1.37223   1.91182   1.64307 
   0.907094  0.908029   1.94355   1.42886  0.717794 -0.631559  -0.84904 
   -1.35626  -0.81302 -0.838469 -0.475749  0.497452  0.134252 -0.393534 
   -2.03721  -1.80316   -2.3757    -1.288 -0.873047  0.338801  0.308891 
  -0.0228437  0.229867 
   0.308697   1.03976   0.67924  0.157413  -1.64598  -1.47803  -2.18509 
   -1.73529   -1.4264  0.471607  0.581372 -0.191166  0.478009 -0.310153 
   -1.24278  -1.66199 0.0187518 -0.0393187  0.714312  0.976048 -0.263337 
  -0.575097 -0.219949   0.54432  0.506965  0.264227  0.379357  0.169889 
   0.512714   1.00646  0.449781  0.221879  0.298111  0.288373  0.407341 
   0.354828 0.0658633 
   0.642488 0.0322737   0.29795   0.01171  0.280405  0.352194  0.238479 
    -0.1784 -0.162197 -0.354637 -0.0914552  0.233727 -0.199739 -0.366695 
   0.366524  0.559781  0.753752  0.473289  0.146055 -0.0804859  0.564678 
   0.114906   1.29088   1.61599   1.61753  0.992213  0.673409  0.315134 
   0.582245  0.928385  0.918637  0.851011   1.00219     1.375  0.800957 
   0.360622    1.6362 
     1.7084   1.35178   1.15029   0.49431  0.607593  0.416232 -0.185012 
   0.737406   1.57416   2.14131    1.0477  0.253864   1.90862  0.929298 
    1.97052   2.34796   2.21053   1.56432   1.07783  -0.12244 -0.135753 
    0.87649   1.30217   1.15427   1.68014   2.06753   1.37733  0.703893 
   0.840223   1.33547    1.1857   1.62207   1.45597  0.899655   1.15013 
   0.994828   0.34968 
     1.1038   1.80442   1.21407  0.187299  0.527816    1.1626   1.01915 
   0.960534  0.845466  0.112389  0.476808  0.376612 -0.724852 -0.847436 
    -1.1917 -0.921249 -0.331435 -0.125056 -0.323546  -1.97369  -1.71546 
   -1.02538  0.137219   1.02106   1.22027  0.954398  0.416233  0.213699 
   0.212281   1.22006   1.37565  0.951373  0.654163  0.811495  0.982264 
    1.21833   1.70423 
    1.24243   1.12682  0.764136  0.335831  0.181909  0.948032   1.64235 
    1.33116  0.599949   0.60244   1.12431   1.91704   2.03499 -0.297075 
   0.269367 -0.0791266 -0.312086 -0.0963884 -0.201117 -0.450381 -0.742617 
  0.0862918  -1.10241 -0.522204   1.17896  -1.12761  -0.19572  0.400783 
   0.404232  -0.19017 0.0338773 -0.541161  -1.38037  -1.75261  -1.56031 
  -0.690075  0.274067 
    1.15527   -1.3908  -0.69781 -0.769037 -0.422375 -0.129971  0.351329 
  -0.514667  -1.13719  -1.61262  -1.80875 -0.798716   0.46534   1.43546 
    1.38544   1.86718   2.38811   1.48305 -0.917343 -0.760106  -1.61773 
  -0.952445  0.153421  0.952743  0.561901  0.711492   2.13214 -0.711273 
  -0.0614161 -0.353156 -0.732055  -1.17887 -0.718111 -0.775384 -0.584756 
   -0.37004 -0.841505 
   0.204411  0.157606   1.90637  -1.00177 -0.197727 -0.261834  -0.66069 
   -0.13346   0.51785 -0.370447  -1.26223 -0.736127  -0.71184 -0.887808 
  -0.452959 -0.558537  0.108039  0.519416  0.355642  0.180298 -0.389578 
  -0.340839  0.205031  0.469505  0.712248   1.45316   1.42868  0.683535 
   0.560523  0.530925   1.17783    1.6573   1.33851  0.715123   0.16744 
  -0.851135  -2.02909 
   0.269121   1.30825    1.3823 0.0225176 0.0423482  0.520659   1.64273 
    2.39535   1.32816 -0.133088 -0.428334  -2.05521     -9999  -3.39157 
   -2.74025  -1.67835  -1.35367 -0.889976 -0.874732 -0.658015 -0.465973 
  -0.491836 -0.337965  0.549955  0.683532   -1.8207    -2.332  -2.35645 
   -2.62878  -2.59697  -2.77249  -2.71868  -3.13903  -2.93711  -2.59289 
   -2.84004  -3.31429 
    2.39176  0.169452 -0.260207  0.260973  0.813827 -0.0415644  -1.15772 
   -2.57387  -3.80128  -1.85785  -1.13029  -1.92176  -2.36762  -2.13272 
   -2.60217  -1.59149 -0.727607 -0.265878 -0.723797 -0.695466   -1.4247 
   0.293694  0.908563  0.878208   1.37734   1.94102   2.07609   1.51043 
      2.023  0.807426  0.268678  0.518663    1.0971  0.462788  0.553934 
   0.565248  0.466026 
    1.24132   1.57876   2.05336   2.45444    3.5858   3.14503   3.12116 
   0.854412  0.873039   1.79348       1.9   1.15875  0.722445  0.311473 
    0.34334  0.198478  0.385085 -0.247357 -0.736455  -1.20352   -1.5283 
  -0.191796  0.409105  0.872387   1.26553   1.29831   1.11229  0.847784 
   0.370019  0.129502   1.26463    1.6439   1.32065   1.10979  0.808564 
   0.841912 -0.577621 
   0.932694  0.887169  0.834908  0.890441 -0.025566 -0.350326  0.282938 
    1.20128  0.768849  0.468953  0.320449  0.336015 -0.832103 -0.859567 
   -0.26962  0.112601 -0.505486 -0.662876 -0.991201 -0.695879 -0.770048 
  -0.590248 -0.195996 -0.191315 -0.679982 -0.362613  -0.38537 -0.0773665 
  -0.0448911  0.485769  0.662835   0.87945   0.59928   1.16934   1.52343 
    1.69114  0.386876 
  0.0408461  0.422425 -0.0251532  0.135507  0.264185  0.425869  0.657003 
   0.916247  0.794132   1.39672   1.54545   1.61545 0.0912754 0.0255885 
  -0.0897119 -0.184038   0.21656   0.78963 0.0427459  0.539458  0.219438 
  -0.208348  0.388626 0.0929883  0.161046   1.29925  0.423478  0.484533 
    1.29556    1.4633   1.47925   1.55878   1.74302   1.89275   2.27998 
    2.40697   2.03533 
   0.919812   1.88158  0.640655  0.321854  0.662527   1.49945    1.8286 
    1.93169   2.21134    2.3821   2.61986   2.11993    1.4977   1.59088 
    1.17985    1.3641   1.67848   1.80127   1.89351   1.47979   0.99781 
   0.773876   0.19845 -0.0652676 -0.520845 -0.878946  0.404297  0.578335 
   0.378245 0.0596922   0.47733  0.266103  0.245141  0.450608 -0.0638919 
   0.156348  0.225953 
   0.233708 -0.175088    1.0022   1.10629  0.852691  0.380698    1.2463 
   0.874942   0.80086   1.36229  0.933943  0.939224   1.03888  0.968934 
     1.0698   1.76712    1.6929   1.90922   1.17717 -0.700777 -0.489281 
  -0.536424 -0.659479 -0.00875542 -0.276192 -0.123257  0.394181  0.548972 
    1.07394   1.14132   1.54751   1.73615   1.38592   1.35274   1.35648 
    1.23227 -0.224687 
  -0.041843   0.24698  0.592711  0.327642   0.96103   1.21707   1.67319 
    1.73426   1.44494   1.45248   1.55733   1.40394 -0.207715 -0.106351 
   0.557967 -0.115114 -0.0224276 -0.171236 -0.813303 -0.757057  -1.34431 
   -2.02484  -1.82073 -0.325099 -0.060371   1.14754   1.91428   2.11472 
    1.95619   2.03354   2.11229   1.95312   1.55279   1.24711    0.9994 
    1.35523  0.573237 
   0.632161   2.03164   2.40813    2.4119   2.37825   3.15673   3.40788 
    3.67851     -9999     -9999   3.24524   2.54481  0.866353   1.06432 
    1.27164    1.1141  0.594576  0.878966  0.456363   1.35865   1.14086 
     1.3605  0.362165  0.390381   0.13369 -0.362075   0.27705   1.25992 
    1.23094   1.49266   1.75035   2.01593   2.09853   2.03983   1.50781 
   0.938811  0.525576 
     0.6037  0.265893  0.340655  0.684001  0.463811  0.129558  0.337054 
     1.2963   1.45146   1.02842  0.777414  0.637699  0.302569  0.333373 
   0.656584  0.268413 -0.0455686 -0.118023 0.0781555  0.193401 -0.0620638 
   0.145286 0.0790904  0.980793   1.48054   1.07148   1.14773   1.21494 
    1.03494   1.55767   1.93574   1.80248   1.77635   1.66329   2.07537 
    2.42581   1.88849 
    1.78011   1.13167   1.29457   1.15276   1.25312   1.74115   2.32133 
    2.53968    2.7011   2.46849   2.80044    3.3493    2.4625   2.01196 
    1.89352   1.97691   2.40265   2.40491   1.59109   1.15602   1.94934 
    1.75341  0.878321   1.31689   1.90123   2.50268   2.50701    2.6859 
    3.15069   2.41519   1.79368    1.5299   1.58648  0.480933   1.79559 
    1.52001   1.96229 
    1.58319      1.96   2.10543   2.27714   2.36505   1.10217  0.177724 
   0.395952  0.514061 -0.898344  0.227561 0.0162787  0.835629  0.309604 
  -0.476904 -0.00202342  0.647993  0.496103  0.770118  0.857189  0.622255 
   0.667561  0.280966  0.237329  0.132494  0.253423   0.53591  0.552933 
   0.869042    1.0663   1.00351 -0.717272 0.0778837   0.52235  0.815569 
    0.79747   0.94292 
   0.356264 -0.0495956  0.462814  0.912869  0.972799   1.10221   1.12201 
  -0.0929777  0.642494  0.931898  0.812621  0.640548  0.801821  0.964011 
    1.08478   1.67786   1.64115   1.23054  0.818383  0.223246  0.157721 
  -0.559625  -1.12338  -1.09579  -1.19785  -1.14865  -1.29526  -1.28817 
   -1.25074 -0.468366 -0.0971897  0.181558  0.162529  0.100475 -0.801518 
  -0.0699742  -0.30912 
   -1.44729  -1.74669  -1.97963  -1.84883  -2.22768   -1.6567  -0.85602 
  -0.427034 -0.565293 -0.717683  -1.72876 -0.727354 -0.921159 -0.939065 
  -0.385225  0.338551  0.229297  0.311891  0.286969    0.5946   1.45828 
    1.60794 -0.208825 -0.296501  0.387357  0.458087  0.572419  0.390795 
   0.540997  0.944577   1.32142   1.39673   1.40852    1.1805   1.22916 
    1.36146   1.13146 
    0.31727  0.510772  0.284684 -0.120985  0.309597   1.18464   1.35657 
    1.34352   1.35382   1.16997   1.34876   1.50394   1.10925  0.741866 
   0.140517  0.158626 -0.187357 -0.853697 -0.771773 -0.662417 -0.822128 
  -0.899504 -0.951331  0.037086   2.35724   1.91458   2.11719   2.40795 
     1.6643   1.59583   2.35028   2.01814   1.61402   1.27621  0.171701 
  -0.290961 -0.793397 
    2.20108   2.06391   2.08926    2.2476   1.70833   2.08877   2.64353 
    2.54666   2.32652   1.77804  0.384405 -0.456937  -1.41878   -2.3732 
   -3.14519  -3.64108  -2.46431  -1.93765   -1.9015  -1.21846 -0.924266 
   -1.13269  0.863412  0.789881  0.166341 0.0297257 -0.231828 -0.341498 
   -0.16767 -0.260175  0.394787  0.590761  0.349554 -0.0983872 -0.132403 
  -0.333797 -0.491621 
   0.645153  0.286695 -0.0647799 -0.0478086  0.182585 0.0456663  0.719438 
   0.770356  0.467153 0.0658229  0.169781 -0.248297 -0.543978  -1.04547 
  -0.617549 -0.474679 -0.302996 -0.627561 -0.567425 -0.232757 -0.091978 
   0.306612  0.146299  0.281421  0.110314  0.016041 -0.0646284  0.230224 
   -0.62429 -0.228232  0.584622  0.469519   1.32406   1.28847   1.00467 
    1.21967   1.02295 
   0.271593 0.0655049 -0.259491 -0.165653 -0.936853 -0.564292 -0.405974 
  -0.652394  0.248532 0.0487478 -0.219468 -0.041899 -0.0493737 -0.249258 
  -0.185915 0.0298136 0.000698327 0.0269803 -0.122401 0.0769607  0.120591 
  -0.328016   -0.2069  0.486333  0.997527   2.00634 -0.225095  -1.75852 
   -1.30684  -1.29563  -1.32013  -1.04573   -1.3063  -1.30297  -1.09326 
   -0.61005 -0.405929 
  0.00141369   1.07927 -0.0822036  0.752757  0.669529 -0.520628 -0.916354 
  -0.379338 -0.893533  -1.40565  -1.52707 -0.998577    -1.011 -0.708238 
   0.111959   0.74135   1.12434   1.41542   1.28062   1.84628   1.89155 
    1.60162  0.897901  0.275166  0.316384  0.395197   0.52616  0.774901 
   0.392702  0.182552  0.747954   1.20402    1.4675   1.68236  0.879289 
   0.303536  -0.81889 
    0.32761  0.128609  0.293107   0.48795  0.200903  0.270661  0.888804 
    1.33964   1.60306   1.79199   1.09925  0.570495  -1.08623  -1.45242 
   -1.09348 -0.368097 -0.296362 -0.432252  -1.14609 -0.967556  -1.15799 
   -1.67282   -1.6953  -1.46996 -0.117672   1.09548   1.40394  0.899142 
    1.14084  0.529706  0.554222  0.799607  0.818837  0.798136  0.561766 
   0.303709 -0.0966218 
   0.484286   1.81208   1.73225   1.03863   1.58845   1.23706    1.2576 
    1.48208    1.3615   1.19916  0.950146  0.707939  0.141112 -0.473322 
  -0.819932 -0.613663  -1.39142  -1.67646  -1.72268  -1.73111  -1.47937 
   -1.04088 -0.446147 -0.331712  -0.25863 -0.430419 -0.817358 -0.725608 
  -0.512017 -0.220547 -0.118571 0.0572305 -0.215421 -0.304587 -0.550886 
    -0.5702 -0.446905 
  -0.128575 -0.520232 -0.631798 -0.160933 -0.257487 -0.552393 -0.639179 
  -0.163769  -0.76994  -1.31821   -1.9142   -1.9012  -1.72226   1.02362 
    2.33597  0.932432  0.890719   0.70955 -0.200345   -0.2351 -0.425844 
  -0.474297 -0.761911 -0.225895  0.388733  0.548253  0.862594  0.501588 
    0.73789  0.231416 0.00674905  0.365902  0.416683  0.464374  0.883794 
    1.02828   1.34637 
    0.52116  0.669281  0.912252  0.421261  0.615852 -0.107436 -0.212379 
   0.327795  0.513135  0.817773   1.56173   1.47266   1.27236   1.41859 
  0.0520093 -0.474678 -0.980003 -0.776395   -1.2484  -1.67204   0.21373 
  -0.978755 -0.686894  -0.95278 -0.697465  0.224556  0.127081 -0.522468 
  -0.315671  0.119146  0.283574  0.653959  0.779705  0.897018    0.9174 
    1.37496   1.49136 
   -1.15029 -0.886142 -0.497998 -0.739733 -0.764377 -0.427842 0.0390408 
   0.878992   1.07116   1.04922  0.854476   1.32154   1.59088   1.48592 
    1.29597   1.35041  0.957518  0.909825  0.898905   1.06111   1.25465 
    1.09822   1.82713  0.842872  0.516552  0.627327 -0.0682493 -0.369315 
  -0.400272 -0.385779  0.202785 -0.0300622  0.769447  0.858706  0.791805 
    1.76305   1.58372 
   0.256087  0.212465   0.22898 0.0979262 0.0188512  -0.23839  0.553014 
   0.990566   1.57725   1.47102   1.19381   1.64193   1.56752   1.11886 
    1.78023   2.00439    1.8066   1.56393   1.80634   2.06783   2.40735 
    1.88339  0.935407  0.438199  0.474479  0.244476  0.148846  0.207534 
   0.513214  0.611343 0.0211343 -0.0950951 -0.271247 -0.585631 -0.611927 
  -0.224051 -0.075536 
   0.529402  0.548815  0.203884 0.0808259  0.112439  0.269849 -0.416523 
   0.546705 0.0364629 -0.335436 -0.335897  0.235732  0.666167  0.992743 
   0.957962  0.990016    1.4824   1.84876   1.28598   1.50953  0.614522 
  -0.444452 0.0515547  0.711641  0.639518   1.49817   1.32885   1.65938 
    1.14555   1.14631   1.29989    1.0052  0.349206  0.337034  -0.06719 
  -0.103928  0.433414 
    1.42665   2.28295   1.78727   1.90599   1.05184  0.576799    0.6657 
   0.671187  0.265379  0.341541 0.00495076  0.141786  0.695464   1.67235 
    0.91997   1.38035   1.43616   1.30394  0.769616   1.29114  0.705776 
  -0.160408 -0.740352   0.89978  0.902551   1.08819    1.0617   1.73511 
    1.39238    1.5323   1.21777  0.969199  0.643784 -0.123355 -0.419646 
  -0.770924 -0.526992 
    1.66692   1.70612   1.17255   1.16204   1.16464   2.18308   2.34558 
    2.51482   2.31609   1.35572  0.988627  0.621781  0.670688  0.811003 
   0.690224  0.668983  0.844081  0.248069  0.780746  0.135622 -0.327361 
   -1.19268  -1.29072 -0.405375 0.0167829   1.49685   1.90221   1.64687 
    1.70092   1.26191  0.919228   1.02435  0.773221  0.612506  0.819429 
    1.30187     1.168 
   -0.62463  0.975537   1.23985   0.92084    1.1313  0.812616  0.584119 
    1.08996  0.844269  0.638948   0.82508     1.256   1.13912    1.1961 
  -0.0928121  0.830602 -0.747845 -0.628633  -1.01898 -0.470447  -1.39241 
  -0.733495 -0.0693635   0.16833  0.800741   2.00137   2.34061   1.70743 
    1.67449    2.0465   2.02787    1.6641   1.25133  0.622905  0.435142 
  -0.0931199 -0.726982 
   0.730726    2.0561   2.51355   1.65682   1.69895   2.44157   2.36816 
    1.80763   1.52571   1.28706   1.38847   1.16159  0.751202  0.511058 
   0.529726 -0.117054  0.107315  0.775872  0.760568   1.80406   1.78279 
    2.32996   1.92669     1.587    0.8955   1.04844  0.944011  0.508827 
   0.390607 -0.0877024 0.0862834  0.483114  0.753675 0.0923423  0.673926 
   0.639757 -0.0813372 
   0.762349  0.572947  0.931244   1.01253   1.22587  0.850841  0.580987 
   0.629793   1.03652  0.752791   1.68305   1.28799  0.274376 -0.131163 
  -0.0615287 -0.277839  -1.52394   -1.5232  -1.26926 -0.397389   0.84207 
   0.518352   1.07901    1.8767   1.96433   2.02535   2.08888   2.06451 
    1.56714  0.466778 -0.0996734 -0.0340659 -0.135804 -0.364039 -0.308957 
  -0.337625 -0.565806 
    1.41696   1.61492   2.05557   2.40409   2.04072  0.524576 -0.226679 
  -0.0251008 0.0203306 -0.101379  0.234119   0.33741 -0.119802 -0.293416 
  -0.058748 -0.725529  -1.35404  -1.12843  -1.10513 -0.445003  0.328522 
    0.24279  0.308722  0.770579  0.625403  0.789656   1.29719   1.67642 
    1.08132   1.09642   1.36976   1.12421   1.21997    1.3293   1.39778 
    1.29977    1.4788 
   0.766161   1.15762   1.24794   1.78365   1.47576   1.44685   1.59943 
    1.32163   1.92768   2.08966   2.01121   1.91163    1.9982   1.76827 
   0.305655  0.164169   2.35752  0.539513  0.826209   1.34815  0.419087 
  -0.708003  -1.52318  -1.50921  -1.67657  -1.28245  -1.00756  -0.52055 
  -0.487346 -0.549357  -0.52656  -0.52414  -0.47814 -0.740552 -0.624554 
   0.240692  0.999747 
   -1.64611 -0.663777  -0.69381  -0.44083 -0.410789 -0.797118  -0.83519 
  -0.719564 -0.439159 -0.562214 -0.318825  0.877499   1.26694   1.19227 
    1.24101   1.03305  0.645671  -0.54126 -0.589581    0.1814  0.674804 
  -0.0848645    0.1615   1.06328   1.79613   2.03323    2.0883   1.72666 
   0.626558 0.0980433 0.0867712  0.348257  0.404073  0.622817   1.10313 
     1.4054   1.51764 
    2.04996   2.39515   2.53443   2.51373    1.9888   1.32167    1.1637 
   0.859364   1.38159   1.90307   1.65639   1.93362   1.66988   2.13934 
    2.20594   2.08933   1.75178   1.77896   1.98668   2.38131   2.38456 
    1.57492   1.00701   1.35375   1.31301   1.57139   1.95235   2.06205 
    2.02182    1.5551   1.03292   1.05055  0.585391  0.525096  0.968701 
    1.57337    1.3544 
   0.800055   1.15667   1.66735    1.9243   2.42783   1.96208  0.944285 
   0.870803  0.205056 0.0150445  0.458551   1.24282   0.96371  0.884542 
    1.13222   1.12316   1.11013   1.41922   1.21456   1.58909   1.58247 
   0.996057  0.544382 -0.303947  0.298539  0.306824  0.791505  0.770107 
   0.523884  0.377767  0.607655  0.503252  0.404106  0.369381 -0.455023 
  -0.258832  0.360535 
   0.190625 0.0872304  0.571682  0.664603   0.22671 -0.0246113  0.346563 
   0.432408  0.436997   0.53491 -0.0760862 0.0675269  0.465788  0.449471 
   0.659329  0.970261  0.822555   1.26002   1.74151   1.59359  0.701032 
   0.407884  0.649665   0.48364  0.797318  0.777532   1.36292   1.00945 
    1.37488   1.22583  0.539073  0.570383 0.0840494 -0.694446 -0.919759 
    -0.7955   1.13669 
    1.15886   1.17426   1.49039  0.924943   1.57237   1.28551  0.540977 
   0.632685  0.751878 -0.491293  -1.10753 -0.604754   1.10261   1.45506 
    1.31639   1.05344   1.21675   1.64288   0.53036 -0.111937 -0.902836 
   -0.97749  -1.32643  -1.75097  -1.66583  -1.25765 -0.174719  0.228728 
   0.290177 -0.921915  -1.38706  -1.34977  -1.63089  -1.99588  -1.75247 
   -1.14327 -0.747445 
   -1.66583  -1.25765 -0.174719  0.228728  0.290177 -0.921915  -1.38706 
   -1.34977  -1.63089  -1.99588  -1.75247  -1.14327 -0.747445     -9999 
      -9999     -9999     -9999     -9999     -9999     -9999     -9999 
      -9999     -9999     -9999     -9999     -9999     -9999     -9999 
      -9999     -9999     -9999     -9999     -9999     -9999     -9999 
      -9999     -9999 
      -9999  -3.36668  -2.57141  -2.08068 -0.987375 -0.635733 -0.802817 
  -0.705044 -0.846206  -0.05238 -0.0924629  0.450171  0.268876   1.07075 
   0.270162   1.65322  0.652301  0.985712  0.403732  0.607593 -0.0186522 
  -0.498437 -0.530492 -0.401617 -0.608264 -0.574882 -0.178018  0.239909 
   0.222801 -0.168214  -0.35242 -0.539453 -0.681268 -0.947091  -1.30523 
   -1.74137  -1.93026 
  -0.153919  0.314615  0.525728  0.396493  0.327602 0.0844577 -0.0955085 
  -0.221015 -0.531089 -0.991241  -1.24988  -1.25728  -1.26496  -1.11481 
  -0.994193 -0.933366 -0.803298  -0.12232 0.00357621   0.73298   0.24629 
   0.254991  0.178593 -0.197878 -0.433188 0.0310681  0.029103   0.73501 
     1.5658  0.924466  0.603006  0.364711  0.282266   0.29367  0.625891 
   0.997335   1.50749 
   0.516742  0.841068  0.597505  0.998767   1.50458    0.3113 0.0720455 
   0.124922 -0.256417 -0.358811  0.215249  0.848611   1.16828  0.949022 
    1.07316  0.820354   1.38451   1.26896   1.89214   2.14686   1.20549 
   0.444456 0.0611983    1.2011   1.32065   1.80843   2.05966   1.54697 
    1.08873  0.833187  0.986798   1.34119   1.12925   1.31473   1.71275 
    1.25725  0.095863 
   0.954928   1.66063   1.91761   1.66045    1.4201  0.618583  0.633527 
    1.10917  0.473855  0.667688   1.22394   1.06612 0.0527788  0.119178 
   -0.97704 -0.797176   0.99704  0.167119  0.081487    1.6486   1.32356 
   0.364741  0.855827 -0.150072  0.506106  0.782505  0.601893  0.581597 
   0.711299  -1.28259  -1.47625  -1.17917  -1.03275  -1.24764 -0.332797 
   -1.19281  -1.74241 
   0.796496   1.28322   1.04231    1.2492   1.27726  -1.09237  -1.06691 
  -0.984558 -0.854708 -0.813673  0.131936 -0.588905  -1.50623  -0.97337 
   0.803795  0.439059     -9999 -0.217849  -1.61197 -0.658075 -0.592637 
  -0.0460594 -0.0911885  0.313273   0.53633  0.423259  0.850177   1.04627 
  0.0822184  0.409299  0.951687   1.67501   1.50173  0.892091  0.723933 
   0.355425 -0.306794 
   0.580943  0.903246   1.04129   1.12048  0.023705  0.649115   1.11996 
    1.65419  0.829248  0.352259  0.455616 -0.134477  -1.18903  -1.32836 
  0.0886514 -0.278049   1.05079   1.65811    2.2666   2.21074   1.10776 
   0.943279   1.24244   0.68522  0.511413   1.16563    1.8883   1.83836 
     1.4081   1.36898   1.93147   1.98305   2.04948   2.00172   1.90674 
    1.88448   1.01976 
    0.86641   1.19982   1.50264   1.60337   1.80026   1.70006   1.83648 
    2.03304   2.26101   2.11245   1.71169   1.82437  0.892915 0.0350532 
   -1.11819 -0.760658  -1.25987   -1.4647  -1.54609 -0.268435 -0.255062 
  -0.807657 -0.266775  0.936088  0.713444  0.275832  -0.59599 -0.881488 
   -0.53152 -0.952136  -1.29694 -0.952585 -0.645293  -0.71053 -0.892353 
  -0.993929  -1.04394 
   0.630346  0.453689 0.0611071 -0.170771 -0.230662 -0.883057 -0.964665 
  -0.727543  0.328783   0.37127  0.108324  0.112733 -0.331931 -0.592561 
  -0.723835 -0.742819 -0.744136  -0.91338 -0.862952 -0.682686 -0.637808 
  0.0875968  0.779134    1.2802   1.14143  0.839822  0.314207 -0.00469109 
  0.0210497    0.4767   1.03225  0.544776  0.149974 -0.392754 -0.133106 
  -0.0839667 0.0225553 
    0.66395  0.514324  0.250542 -0.0829855  0.299414  0.760072   1.04008 
   0.630647  0.578318 0.0439563  0.438823  0.271756  0.434421  0.469711 
   0.374498   0.54902  0.102824 -0.288301 -0.0182349  0.643139 -0.0231189 
  0.0238169 0.0594765 -0.0821892  0.324234  0.914828  0.186676   0.78792 
   0.032215  0.197005 0.0115377 -0.406507  0.235275 -0.134365 -0.224737 
  -0.234397 -0.409601 
  -0.131491  0.647066 -0.0326314   1.25279  0.184677  0.442178 0.0934065 
  -0.391709  0.240654 -0.0997803 -0.109451 -0.363775 -0.974096 -0.888261 
  -0.349722  0.534735   0.65076  0.123478 -0.377096 -0.882698 -0.827166 
   -1.08271  -1.16191 -0.996621 -0.819173 -0.618627 -0.357021 -0.0965279 
  -0.176449  -0.37146  0.174195 -0.612371 -0.296351  0.257385  0.996206 
   0.735809 -0.0804585 
   -1.42741  -1.08026 -0.492112  0.176314  0.375857   0.28291   0.21288 
   0.246094    0.8276   1.40773   1.96297   1.35288  0.114148   0.73805 
   0.965831  0.481329  0.285632  0.465352  0.429256  0.303263 -0.0344551 
  -0.417854 -0.153876 -0.213751  0.433261  0.205663 -0.232033 0.0445162 
   0.141239 0.0474927  0.460856  0.416772 -0.117611 -0.166296  0.393192 
   0.317378  0.167344 
   0.722607  0.107443 -0.182769  0.659126  0.597957  0.743059   1.23952 
    1.10535  0.501292  0.474802  0.928027  0.561829  0.235938 -0.159342 
  -0.835654  -1.29073   -1.4494  -1.31269  -1.42714  -1.43533   -1.2909 
   0.954477   1.45293   1.47668   1.02559   1.53897   1.62873  0.924674 
  -0.581463  -1.03017  -1.33605  -1.30529 -0.960762 -0.203253  0.231841 
   0.836268  0.433685 
   0.523551   0.79006  0.438362 -0.707614   -1.7464  -1.67091  -1.79668 
   -1.58586   -1.0762 -0.0602496  0.643274   1.17834  0.662792  0.305682 
  -0.421784 -0.334777 -0.776719 -0.966193  -1.78748 -0.179188  -1.65654 
   -0.96492  -1.77754  -1.84208  -1.52261 -0.598907 -0.545341 -0.393567 
  -0.0222989  0.129269  0.209652  0.761198 -0.192132   1.29031  0.247605 
  -0.089913 -0.198483 
   -1.75295 -0.773442 -0.574113 -0.260261 0.0835597 -0.183709 0.0206221 
   0.695556  0.255637   1.52488  0.892713  0.403859 0.0951169  -1.79814 
   -2.34767 -0.459326 -0.384023 -0.321779 -0.456547 -0.461889 -0.599612 
  -0.545248    0.3523  0.747502  0.715121  0.771457  0.450418  0.141456 
  -0.291573  0.657645   1.05439   1.01517  0.610417 -0.0265013 0.0430058 
   0.461842  0.812947 
   0.173895  0.433195  0.666143  0.359474  -0.52712  -0.21701 -0.129226 
   0.256962   0.80077  0.440739   0.83016   1.31056   1.52998   1.34706 
   0.967583   1.90334  0.602761  0.650162  0.220281    1.2522   1.48326 
    1.09509 -0.134237 -0.115575  0.109765 -0.153759 0.0084867  0.153538 
   0.397781 0.0680747  0.532023  0.169561  0.973343   1.06763   1.45869 
     1.8355   1.97281 
  -0.247281 -0.517683  0.181957   1.23308   1.80949    1.1097  0.773042 
   0.342525     1.279   1.45228   1.73029   1.67482    1.5755   1.38089 
   0.997307   0.67049  0.373625  0.275011  0.211315  0.511647  0.173331 
   -0.58398 0.0252159  0.369054  0.468412  0.341081  0.525678  0.624292 
  -0.0943685  0.391589   1.06022   1.28788   1.69455 -0.312892   1.14958 
    1.37592  0.927016 
   0.263205 -0.0252973 -2.2411e-05  0.236801 -0.147902  0.338179  0.644929 
   0.877393   1.26803 -0.529912   0.59358  0.927017  0.458858 -0.161207 
   0.745372   1.24516    1.1188   1.45044   1.17239   1.79134    1.4513 
   0.946632  0.817535  0.456437 -0.340965  0.382443   0.30406  -1.14822 
  -0.907232  -2.20008  -1.47298 -0.897981  -1.12388 -0.238399   1.30339 
   0.326514 -0.0887509 
  -0.932531 -0.286799  0.330803 -0.794919 -0.867536  -2.18986  -1.69956 
   -1.00588  -1.17704 -0.232131   1.29866  0.119135  0.130496   0.29055 
   0.291736  0.385277  0.326017  0.546652  0.110622  0.448012   0.22232 
  -0.139273 -0.259214 -0.0656828 -0.409764 -0.0671538 -0.206716  0.615495 
   0.560429  0.565649 0.0765729 -0.0571442  0.168856  0.823281   1.88613 
     1.5021   1.57143 
   -0.13922  0.206947 0.00982708  0.853716  0.556127  0.525921  0.182172 
   0.562077  0.926814     1.214    2.0398   1.97827   1.83151   2.03099 
    1.68094   1.64659    1.6122   1.59311   1.10297   1.37589  0.255836 
   0.537246 -0.288601 -0.288381 -0.0401067  0.143301  -0.38098 -0.478945 
  0.0442315  -0.18988 -0.438685 0.0149352  0.431101  0.985716  0.801912 
    1.32107   1.65129
