1   0.45821  0.228625   0.12303 0.0651923  0.030786 0.0187992 
  0.0110784 0.00562517 0.00250263 0.0015976 0.000928468 0.000489879 0.000243118 
  0.000101734 5.33106e-05 3.44139e-05 1.68663e-05 9.17117e-06 4.6293e-06 2.38482e-06 
  1.28569e-06 7.51905e-07 3.69878e-07 1.87267e-07 9.41553e-08 5.37345e-08 3.1299e-08 
  1.97864e-08 1.14562e-08 7.22425e-09 4.88334e-09 2.92879e-09 1.58011e-09 1.04391e-09 
  5.61905e-10 3.13937e-10 
    0.45821         1  0.498953  0.268502  0.142276 0.0671876 0.0410274 
  0.0241776 0.0122764 0.00546175 0.00348661 0.00202629 0.00106911 0.000530582 
  0.000222025 0.000116345 7.5105e-05 3.68092e-05 2.00152e-05 1.0103e-05 5.20465e-06 
  2.80589e-06 1.64096e-06 8.07225e-07 4.08692e-07 2.05485e-07 1.1727e-07 6.8307e-08 
  4.3182e-08 2.5002e-08 1.57662e-08 1.06574e-08 6.39181e-09 3.44845e-09 2.27824e-09 
  1.2263e-09 6.85137e-10 
   0.228625  0.498953         1  0.538131  0.285149  0.134657 0.0822271 
  0.0484567 0.0246044 0.0109464 0.00698786 0.00406109 0.00214272 0.00106339 
  0.000444982 0.000233179 0.000150525 7.37729e-05 4.01145e-05 2.02484e-05 1.04311e-05 
  5.62357e-06 3.28881e-06 1.61784e-06 8.191e-07 4.11832e-07 2.35033e-07 1.36901e-07 
  8.65453e-08 5.01089e-08 3.15987e-08 2.13596e-08 1.28105e-08 6.91137e-09 4.56605e-09 
  2.45776e-09 1.37315e-09 
    0.12303  0.268502  0.538131         1  0.529888  0.250231  0.152801 
  0.0900461 0.0457218 0.0203415 0.0129854 0.00754666 0.00398177 0.00197608 
  0.000826902 0.000433313 0.000279719 0.000137091 7.4544e-05 3.76273e-05 1.9384e-05 
  1.04502e-05 6.11154e-06 3.0064e-06 1.52212e-06 7.65301e-07 4.36758e-07 2.544e-07 
  1.60826e-07 9.31164e-08 5.87192e-08 3.96921e-08 2.38054e-08 1.28433e-08 8.48501e-09 
  4.56721e-09 2.5517e-09 
  0.0651923  0.142276  0.285149  0.529888         1  0.472234  0.288365 
   0.169934 0.0862859 0.0383884  0.024506  0.014242 0.00751437 0.00372925 
  0.00156052 0.000817744 0.000527883 0.000258717 0.000140679 7.101e-05 3.65814e-05 
  1.97215e-05 1.15336e-05 5.67365e-06 2.87253e-06 1.44427e-06 8.24246e-07 4.80102e-07 
  3.03509e-07 1.75729e-07 1.10814e-07 7.49067e-08 4.49254e-08 2.42377e-08 1.60128e-08 
  8.6192e-09 4.81555e-09 
   0.030786 0.0671876  0.134657  0.250231  0.472234         1   0.61064 
   0.359852  0.182718  0.081291 0.0518937 0.0301588 0.0159124 0.00789703 
  0.00330456 0.00173165 0.00111784 0.000547857 0.000297901 0.00015037 7.74645e-05 
  4.17621e-05 2.44236e-05 1.20145e-05 6.08286e-06 3.05838e-06 1.74542e-06 1.01666e-06 
  6.42708e-07 3.72122e-07 2.3466e-07 1.58622e-07 9.51339e-08 5.13257e-08 3.39087e-08 
  1.8252e-08 1.01974e-08 
  0.0187992 0.0410274 0.0822271  0.152801  0.288365   0.61064         1 
   0.589303  0.299224  0.133124 0.0849825 0.0493888 0.0260585 0.0129324 
  0.00541162 0.0028358 0.00183061 0.000897185 0.00048785 0.00024625 0.000126858 
  6.83907e-05 3.99967e-05 1.96752e-05 9.96144e-06 5.00848e-06 2.85834e-06 1.66491e-06 
  1.05252e-06 6.09396e-07 3.84285e-07 2.59763e-07 1.55794e-07 8.40523e-08 5.55298e-08 
  2.98899e-08 1.66995e-08 
  0.0110784 0.0241776 0.0484567 0.0900461  0.169934  0.359852  0.589303 
          1   0.50776  0.225901  0.144208 0.0838088 0.0442192 0.0219452 
  0.00918309 0.00481212 0.00310639 0.00152245 0.000827842 0.000417867 0.000215267 
  0.000116054 6.78712e-05 3.33873e-05 1.69038e-05 8.49898e-06 4.85037e-06 2.82522e-06 
  1.78603e-06 1.0341e-06 6.52101e-07 4.40798e-07 2.64369e-07 1.4263e-07 9.42295e-08 
  5.07207e-08 2.83377e-08 
  0.00562517 0.0122764 0.0246044 0.0457218 0.0862859  0.182718  0.299224 
    0.50776         1  0.444898  0.284009  0.165056 0.0870868 0.0432197 
  0.0180855 0.00947715 0.00611783 0.00299837 0.00163038 0.000822962 0.000423955 
  0.00022856 0.000133668 6.57541e-05 3.32909e-05 1.67382e-05 9.5525e-06 5.56409e-06 
  3.51748e-06 2.03659e-06 1.28427e-06 8.68122e-07 5.20658e-07 2.809e-07 1.85579e-07 
  9.98912e-08 5.58092e-08 
  0.00250263 0.00546175 0.0109464 0.0203415 0.0383884  0.081291  0.133124 
   0.225901  0.444898         1  0.638369  0.370997  0.195746 0.0971452 
  0.0406509 0.0213019 0.0137511 0.00673945 0.00366462 0.00184978 0.000952927 
  0.000513736 0.000300446 0.000147796 7.48281e-05 3.76226e-05 2.14712e-05 1.25064e-05 
  7.90626e-06 4.57765e-06 2.88667e-06 1.95128e-06 1.17029e-06 6.31382e-07 4.17127e-07 
  2.24526e-07 1.25443e-07 
  0.0015976 0.00348661 0.00698786 0.0129854  0.024506 0.0518937 0.0849825 
   0.144208  0.284009  0.638369         1  0.581164  0.306634  0.152177 
  0.0636793 0.0333692  0.021541 0.0105573 0.00574059 0.00289766 0.00149275 
  0.000804763 0.000470646 0.000231521 0.000117218 5.89354e-05 3.36345e-05 1.95912e-05 
  1.23851e-05 7.17085e-06 4.52194e-06 3.05667e-06 1.83324e-06 9.89054e-07 6.53426e-07 
  3.51718e-07 1.96505e-07 
  0.000928468 0.00202629 0.00406109 0.00754666  0.014242 0.0301588 0.0493888 
  0.0838088  0.165056  0.370997  0.581164         1   0.52762  0.261849 
   0.109572 0.0574178 0.0370652 0.0181658 0.00987775 0.00498596 0.00256856 
  0.00138474 0.000809834 0.000398375 0.000201694 0.000101409 5.78743e-05 3.37103e-05 
  2.13108e-05 1.23388e-05 7.78083e-06 5.25957e-06 3.15443e-06 1.70185e-06 1.12434e-06 
  6.05196e-07 3.38123e-07 
  0.000489879 0.00106911 0.00214272 0.00398177 0.00751437 0.0159124 0.0260585 
  0.0442192 0.0870868  0.195746  0.306634   0.52762         1  0.496283 
   0.207672  0.108824 0.0702498 0.0344296 0.0187213 0.0094499 0.00486819 
  0.00262451 0.00153488 0.000755041 0.000382272 0.000192201 0.000109689 6.38913e-05 
  4.03905e-05 2.33857e-05 1.4747e-05 9.96847e-06 5.97861e-06 3.22552e-06 2.13096e-06 
  1.14703e-06 6.40846e-07 
  0.000243118 0.000530582 0.00106339 0.00197608 0.00372925 0.00789703 0.0129324 
  0.0219452 0.0432197 0.0971452  0.152177  0.261849  0.496283         1 
   0.418455  0.219279  0.141552 0.0693751 0.0377231 0.0190414 0.00980931 
  0.00528833 0.00309275 0.00152139 0.000770271 0.000387282 0.000221022 0.00012874 
  8.1386e-05 4.71217e-05 2.9715e-05 2.00863e-05 1.20468e-05 6.49937e-06 4.29385e-06 
  2.31124e-06 1.29129e-06 
  0.000101734 0.000222025 0.000444982 0.000826902 0.00156052 0.00330456 0.00541162 
  0.00918309 0.0180855 0.0406509 0.0636793  0.109572  0.207672  0.418455 
          1  0.524019  0.338273  0.165788 0.0901485 0.0455039 0.0234417 
  0.0126377 0.00739088 0.00363574 0.00184075 0.000925504 0.000528185 0.000307655 
  0.000194492 0.000112609 7.10111e-05 4.8001e-05 2.87887e-05 1.55318e-05 1.02612e-05 
  5.52327e-06 3.08585e-06 
  5.33106e-05 0.000116345 0.000233179 0.000433313 0.000817744 0.00173165 0.0028358 
  0.00481212 0.00947715 0.0213019 0.0333692 0.0574178  0.108824  0.219279 
   0.524019         1  0.645535  0.316379  0.172033 0.0868364 0.0447345 
  0.0241169 0.0141042 0.00693818 0.00351275 0.00176616 0.00100795 0.000587105 
  0.000371153 0.000214894 0.000135512 9.16016e-05 5.49382e-05 2.96398e-05 1.95817e-05 
  1.05402e-05 5.88882e-06 
  3.44139e-05 7.5105e-05 0.000150525 0.000279719 0.000527883 0.00111784 0.00183061 
  0.00310639 0.00611783 0.0137511  0.021541 0.0370652 0.0702498  0.141552 
   0.338273  0.645535         1  0.490103  0.266496  0.134518 0.0692983 
  0.0373596 0.0218489 0.0107479 0.00544161 0.00273597 0.00156142 0.000909487 
  0.000574955 0.000332893 0.000209923 0.0001419 8.5105e-05 4.5915e-05 3.03341e-05 
  1.63279e-05 9.12238e-06 
  1.68663e-05 3.68092e-05 7.37729e-05 0.000137091 0.000258717 0.000547857 0.000897185 
  0.00152245 0.00299837 0.00673945 0.0105573 0.0181658 0.0344296 0.0693751 
   0.165788  0.316379  0.490103         1  0.543756   0.27447  0.141395 
  0.0762281 0.0445802   0.02193  0.011103 0.00558244 0.0031859 0.00185571 
  0.00117313 0.000679232 0.000428324 0.000289532 0.000173647 9.36845e-05 6.18933e-05 
  3.33152e-05 1.86132e-05 
  9.17117e-06 2.00152e-05 4.01145e-05 7.4544e-05 0.000140679 0.000297901 0.00048785 
  0.000827842 0.00163038 0.00366462 0.00574059 0.00987775 0.0187213 0.0377231 
  0.0901485  0.172033  0.266496  0.543756         1  0.504766  0.260035 
   0.140188 0.0819856 0.0403305 0.0204191 0.0102664 0.00585906 0.00341275 
  0.00215746 0.00124915 0.000787712 0.000532466 0.000319348 0.000172291 0.000113826 
  6.12686e-05 3.42308e-05 
  4.6293e-06 1.0103e-05 2.02484e-05 3.76273e-05 7.101e-05 0.00015037 0.00024625 
  0.000417867 0.000822962 0.00184978 0.00289766 0.00498596 0.0094499 0.0190414 
  0.0455039 0.0868364  0.134518   0.27447  0.504766         1  0.515158 
   0.277729  0.162423 0.0798994 0.0404525  0.020339 0.0116075 0.00676105 
  0.00427417 0.0024747 0.00156055 0.00105488 0.000632664 0.000341329 0.000225501 
  0.00012138 6.78151e-05 
  2.38482e-06 5.20465e-06 1.04311e-05 1.9384e-05 3.65814e-05 7.74645e-05 0.000126858 
  0.000215267 0.000423955 0.000952927 0.00149275 0.00256856 0.00486819 0.00980931 
  0.0234417 0.0447345 0.0692983  0.141395  0.260035  0.515158         1 
   0.539113  0.315288  0.155097 0.0785245  0.039481 0.0225318 0.0131242 
  0.00829681 0.00480378 0.00302926 0.00204767 0.0012281 0.000662571 0.000437732 
  0.000235617 0.000131639 
  1.28569e-06 2.80589e-06 5.62357e-06 1.04502e-05 1.97215e-05 4.17621e-05 6.83907e-05 
  0.000116054 0.00022856 0.000513736 0.000804763 0.00138474 0.00262451 0.00528833 
  0.0126377 0.0241169 0.0373596 0.0762281  0.140188  0.277729  0.539113 
          1  0.584826  0.287689  0.145655 0.0732333 0.0417943 0.0243441 
  0.0153897 0.00891051 0.00561897 0.00379823 0.00227799  0.001229 0.000811949 
  0.000437046 0.000244178 
  7.51905e-07 1.64096e-06 3.28881e-06 6.11154e-06 1.15336e-05 2.44236e-05 3.99967e-05 
  6.78712e-05 0.000133668 0.000300446 0.000470646 0.000809834 0.00153488 0.00309275 
  0.00739088 0.0141042 0.0218489 0.0445802 0.0819856  0.162423  0.315288 
   0.584826         1  0.491922  0.249057  0.125222 0.0714645 0.0416262 
  0.0263151 0.0152362 0.00960793 0.00649463 0.00389516 0.00210148 0.00138836 
  0.000747309 0.000417522 
  3.69878e-07 8.07225e-07 1.61784e-06 3.0064e-06 5.67365e-06 1.20145e-05 1.96752e-05 
  3.33873e-05 6.57541e-05 0.000147796 0.000231521 0.000398375 0.000755041 0.00152139 
  0.00363574 0.00693818 0.0107479   0.02193 0.0403305 0.0798994  0.155097 
   0.287689  0.491922         1  0.506293  0.254557  0.145276 0.0846196 
  0.0534944 0.0309727 0.0195314 0.0132025 0.00791826 0.00427198 0.00282232 
  0.00151916 0.000848756 
  1.87267e-07 4.08692e-07 8.191e-07 1.52212e-06 2.87253e-06 6.08286e-06 9.96144e-06 
  1.69038e-05 3.32909e-05 7.48281e-05 0.000117218 0.000201694 0.000382272 0.000770271 
  0.00184075 0.00351275 0.00544161  0.011103 0.0204191 0.0404525 0.0785245 
   0.145655  0.249057  0.506293         1  0.502787  0.286941  0.167136 
   0.105659 0.0611755 0.0385773 0.0260769 0.0156397 0.00843777 0.00557447 
  0.00300056 0.00167641 
  9.41553e-08 2.05485e-07 4.11832e-07 7.65301e-07 1.44427e-06 3.05838e-06 5.00848e-06 
  8.49898e-06 1.67382e-05 3.76226e-05 5.89354e-05 0.000101409 0.000192201 0.000387282 
  0.000925504 0.00176616 0.00273597 0.00558244 0.0102664  0.020339  0.039481 
  0.0732333  0.125222  0.254557  0.502787         1  0.570701  0.332419 
   0.210147  0.121673  0.076727 0.0518648  0.031106  0.016782 0.0110872 
  0.00596786 0.00333424 
  5.37345e-08 1.1727e-07 2.35033e-07 4.36758e-07 8.24246e-07 1.74542e-06 2.85834e-06 
  4.85037e-06 9.5525e-06 2.14712e-05 3.36345e-05 5.78743e-05 0.000109689 0.000221022 
  0.000528185 0.00100795 0.00156142 0.0031859 0.00585906 0.0116075 0.0225318 
  0.0417943 0.0714645  0.145276  0.286941  0.570701         1  0.582475 
   0.368226  0.213199  0.134444 0.0908791 0.0545049  0.029406 0.0194273 
  0.0104571 0.00584237 
  3.1299e-08 6.8307e-08 1.36901e-07 2.544e-07 4.80102e-07 1.01666e-06 1.66491e-06 
  2.82522e-06 5.56409e-06 1.25064e-05 1.95912e-05 3.37103e-05 6.38913e-05 0.00012874 
  0.000307655 0.000587105 0.000909487 0.00185571 0.00341275 0.00676105 0.0131242 
  0.0243441 0.0416262 0.0846196  0.167136  0.332419  0.582475         1 
   0.632175  0.366023  0.230814  0.156022 0.0935747 0.0504846  0.033353 
  0.0179528 0.0100303 
  1.97864e-08 4.3182e-08 8.65453e-08 1.60826e-07 3.03509e-07 6.42708e-07 1.05252e-06 
  1.78603e-06 3.51748e-06 7.90626e-06 1.23851e-05 2.13108e-05 4.03905e-05 8.1386e-05 
  0.000194492 0.000371153 0.000574955 0.00117313 0.00215746 0.00427417 0.00829681 
  0.0153897 0.0263151 0.0534944  0.105659  0.210147  0.368226  0.632175 
          1   0.57899  0.365111  0.246802   0.14802 0.0798585 0.0527591 
  0.0283985 0.0158663 
  1.14562e-08 2.5002e-08 5.01089e-08 9.31164e-08 1.75729e-07 3.72122e-07 6.09396e-07 
  1.0341e-06 2.03659e-06 4.57765e-06 7.17085e-06 1.23388e-05 2.33857e-05 4.71217e-05 
  0.000112609 0.000214894 0.000332893 0.000679232 0.00124915 0.0024747 0.00480378 
  0.00891051 0.0152362 0.0309727 0.0611755  0.121673  0.213199  0.366023 
    0.57899         1    0.6306  0.426264  0.255652  0.137927 0.0911225 
  0.0490483 0.0274033 
  7.22425e-09 1.57662e-08 3.15987e-08 5.87192e-08 1.10814e-07 2.3466e-07 3.84285e-07 
  6.52101e-07 1.28427e-06 2.88667e-06 4.52194e-06 7.78083e-06 1.4747e-05 2.9715e-05 
  7.10111e-05 0.000135512 0.000209923 0.000428324 0.000787712 0.00156055 0.00302926 
  0.00561897 0.00960793 0.0195314 0.0385773  0.076727  0.134444  0.230814 
   0.365111    0.6306         1  0.675965  0.405411  0.218724  0.144501 
  0.0777804 0.0434559 
  4.88334e-09 1.06574e-08 2.13596e-08 3.96921e-08 7.49067e-08 1.58622e-07 2.59763e-07 
  4.40798e-07 8.68122e-07 1.95128e-06 3.05667e-06 5.25957e-06 9.96847e-06 2.00863e-05 
  4.8001e-05 9.16016e-05 0.0001419 0.000289532 0.000532466 0.00105488 0.00204767 
  0.00379823 0.00649463 0.0132025 0.0260769 0.0518648 0.0908791  0.156022 
   0.246802  0.426264  0.675965         1  0.599752  0.323572   0.21377 
   0.115066 0.0642873 
  2.92879e-09 6.39181e-09 1.28105e-08 2.38054e-08 4.49254e-08 9.51339e-08 1.55794e-07 
  2.64369e-07 5.20658e-07 1.17029e-06 1.83324e-06 3.15443e-06 5.97861e-06 1.20468e-05 
  2.87887e-05 5.49382e-05 8.5105e-05 0.000173647 0.000319348 0.000632664 0.0012281 
  0.00227799 0.00389516 0.00791826 0.0156397  0.031106 0.0545049 0.0935747 
    0.14802  0.255652  0.405411  0.599752         1   0.53951  0.356431 
   0.191856   0.10719 
  1.58011e-09 3.44845e-09 6.91137e-09 1.28433e-08 2.42377e-08 5.13257e-08 8.40523e-08 
  1.4263e-07 2.809e-07 6.31382e-07 9.89054e-07 1.70185e-06 3.22552e-06 6.49937e-06 
  1.55318e-05 2.96398e-05 4.5915e-05 9.36845e-05 0.000172291 0.000341329 0.000662571 
   0.001229 0.00210148 0.00427198 0.00843777  0.016782  0.029406 0.0504846 
  0.0798585  0.137927  0.218724  0.323572   0.53951         1  0.660657 
    0.35561   0.19868 
  1.04391e-09 2.27824e-09 4.56605e-09 8.48501e-09 1.60128e-08 3.39087e-08 5.55298e-08 
  9.42295e-08 1.85579e-07 4.17127e-07 6.53426e-07 1.12434e-06 2.13096e-06 4.29385e-06 
  1.02612e-05 1.95817e-05 3.03341e-05 6.18933e-05 0.000113826 0.000225501 0.000437732 
  0.000811949 0.00138836 0.00282232 0.00557447 0.0110872 0.0194273  0.033353 
  0.0527591 0.0911225  0.144501   0.21377  0.356431  0.660657         1 
   0.538268   0.30073 
  5.61905e-10 1.2263e-09 2.45776e-09 4.56721e-09 8.6192e-09 1.8252e-08 2.98899e-08 
  5.07207e-08 9.98912e-08 2.24526e-07 3.51718e-07 6.05196e-07 1.14703e-06 2.31124e-06 
  5.52327e-06 1.05402e-05 1.63279e-05 3.33152e-05 6.12686e-05 0.00012138 0.000235617 
  0.000437046 0.000747309 0.00151916 0.00300056 0.00596786 0.0104571 0.0179528 
  0.0283985 0.0490483 0.0777804  0.115066  0.191856   0.35561  0.538268 
          1    0.5587 
  3.13937e-10 6.85137e-10 1.37315e-09 2.5517e-09 4.81555e-09 1.01974e-08 1.66995e-08 
  2.83377e-08 5.58092e-08 1.25443e-07 1.96505e-07 3.38123e-07 6.40846e-07 1.29129e-06 
  3.08585e-06 5.88882e-06 9.12238e-06 1.86132e-05 3.42308e-05 6.78151e-05 0.000131639 
  0.000244178 0.000417522 0.000848756 0.00167641 0.00333424 0.00584237 0.0100303 
  0.0158663 0.0274033 0.0434559 0.0642873   0.10719   0.19868   0.30073 
     0.5587         1
