1  0.435794  0.212205   0.10912 0.0578213 0.0303148 0.0165169 
  0.00880386 0.00517181 0.00230093 0.00139431 0.0008134 0.000429166 0.000203143 
  9.25958e-05 4.75337e-05 2.79435e-05 1.46385e-05 7.28923e-06 3.34755e-06 1.65447e-06 
  7.80043e-07 4.15786e-07 1.87509e-07 8.63267e-08 4.14389e-08 2.16571e-08 1.13684e-08 
  6.95582e-09 3.87193e-09 2.37105e-09 1.44441e-09 8.26714e-10 4.6517e-10 2.99446e-10 
  1.429e-10 7.04729e-11 
   0.435794         1  0.486939  0.250393   0.13268 0.0695623 0.0379007 
  0.0202019 0.0118675 0.00527984 0.00319946 0.00186648 0.000984791 0.000466143 
  0.000212476 0.000109074 6.41208e-05 3.35903e-05 1.67263e-05 7.68149e-06 3.79644e-06 
  1.78993e-06 9.54089e-07 4.30269e-07 1.9809e-07 9.50883e-08 4.96958e-08 2.60865e-08 
  1.59612e-08 8.88476e-09 5.44074e-09 3.31443e-09 1.89703e-09 1.06741e-09 6.87127e-10 
  3.27907e-10 1.61711e-10 
   0.212205  0.486939         1  0.514219  0.272478  0.142856 0.0778346 
  0.0414875 0.0243717 0.0108429 0.00657056 0.00383308 0.00202241 0.000957293 
  0.00043635 0.000223999 0.000131681 6.89826e-05 3.43499e-05 1.57751e-05 7.79654e-06 
  3.67589e-06 1.95936e-06 8.83619e-07 4.06807e-07 1.95278e-07 1.02057e-07 5.35724e-08 
  3.27787e-08 1.82461e-08 1.11734e-08 6.80667e-09 3.89582e-09 2.19208e-09 1.41111e-09 
  6.73404e-10 3.32098e-10 
    0.10912  0.250393  0.514219         1  0.529888  0.277812  0.151365 
  0.0806805 0.0473956 0.0210862 0.0127777 0.00745417 0.00393297 0.00186164 
  0.000848569 0.000435609 0.00025608 0.00013415 6.68001e-05 3.06777e-05 1.51619e-05 
  7.14849e-06 3.81036e-06 1.71837e-06 7.91117e-07 3.79756e-07 1.98471e-07 1.04182e-07 
  6.37447e-08 3.54832e-08 2.17288e-08 1.32369e-08 7.57619e-09 4.26292e-09 2.74419e-09 
  1.30957e-09 6.45829e-10 
  0.0578213   0.13268  0.272478  0.529888         1  0.524285  0.285654 
    0.15226 0.0894446 0.0397937 0.0241141 0.0140675 0.00742228 0.00351328 
  0.00160141 0.000822079 0.000483272 0.000253167 0.000126065 5.78947e-05 2.86134e-05 
  1.34906e-05 7.19088e-06 3.2429e-06 1.49299e-06 7.16672e-07 3.74552e-07 1.96612e-07 
  1.20298e-07 6.69636e-08 4.10064e-08 2.49806e-08 1.42977e-08 8.04496e-09 5.17881e-09 
  2.47141e-09 1.2188e-09 
  0.0303148 0.0695623  0.142856  0.277812  0.524285         1  0.544846 
   0.290414  0.170603  0.075901 0.0459942 0.0268317  0.014157 0.00670109 
  0.00305447  0.001568 0.000921775 0.000482882 0.000240451 0.000110426 5.45762e-05 
  2.57314e-05 1.37156e-05 6.18538e-06 2.84767e-06 1.36695e-06 7.14407e-07 3.75009e-07 
  2.29453e-07 1.27724e-07 7.8214e-08 4.7647e-08 2.72709e-08 1.53446e-08 9.87787e-09 
  4.71386e-09 2.3247e-09 
  0.0165169 0.0379007 0.0778346  0.151365  0.285654  0.544846         1 
   0.533021  0.313122  0.139307  0.084417 0.0492465 0.0259834 0.0122991 
  0.00560612 0.00287788 0.00169181 0.000886272 0.000441319 0.000202674 0.000100168 
  4.72269e-05 2.51734e-05 1.13525e-05 5.22656e-06 2.50888e-06 1.31121e-06 6.88286e-07 
  4.21133e-07 2.34422e-07 1.43553e-07 8.74505e-08 5.00526e-08 2.81633e-08 1.81297e-08 
  8.65174e-09 4.26671e-09 
  0.00880386 0.0202019 0.0414875 0.0806805   0.15226  0.290414  0.533021 
          1  0.587448  0.261354  0.158375 0.0923913 0.0487475 0.0230743 
  0.0105176 0.00539919  0.003174 0.00166273 0.000827958 0.000380237 0.000187925 
  8.86024e-05 4.72278e-05 2.12985e-05 9.80555e-06 4.70691e-06 2.45996e-06 1.29129e-06 
  7.90088e-07 4.39799e-07 2.69319e-07 1.64066e-07 9.39036e-08 5.28371e-08 3.4013e-08 
  1.62315e-08 8.00477e-09 
  0.00517181 0.0118675 0.0243717 0.0473956 0.0894446  0.170603  0.313122 
   0.587448         1  0.444898  0.269598  0.157276 0.0829818 0.0392788 
   0.017904 0.00919093 0.00540304 0.00283044 0.00140942 0.000647269 0.000319901 
  0.000150826 8.03948e-05 3.62559e-05 1.66918e-05 8.01247e-06 4.18754e-06 2.19814e-06 
  1.34495e-06 7.4866e-07 4.58456e-07 2.79286e-07 1.5985e-07 8.99434e-08 5.78997e-08 
  2.76306e-08 1.36263e-08 
  0.00230093 0.00527984 0.0108429 0.0210862 0.0397937  0.075901  0.139307 
   0.261354  0.444898         1  0.605977   0.35351  0.186519 0.0882873 
  0.0402429 0.0206585 0.0121444  0.006362 0.00316795 0.00145487 0.000719044 
  0.000339013 0.000180704 8.14927e-05 3.75182e-05 1.80097e-05 9.41236e-06 4.94077e-06 
  3.02305e-06 1.68277e-06 1.03047e-06 6.27752e-07 3.59296e-07 2.02167e-07 1.30142e-07 
  6.21054e-08 3.0628e-08 
  0.00139431 0.00319946 0.00657056 0.0127777 0.0241141 0.0459942  0.084417 
   0.158375  0.269598  0.605977         1  0.583372  0.307799  0.145694 
  0.0664099 0.0340913 0.0200411 0.0104987 0.00522785 0.00240087 0.00118659 
  0.000559448 0.000298203 0.000134482 6.19137e-05 2.97201e-05 1.55325e-05 8.1534e-06 
  4.98873e-06 2.77695e-06 1.70052e-06 1.03593e-06 5.92921e-07 3.33621e-07 2.14763e-07 
  1.02488e-07 5.05433e-08 
  0.0008134 0.00186648 0.00383308 0.00745417 0.0140675 0.0268317 0.0492465 
  0.0923913  0.157276   0.35351  0.583372         1   0.52762  0.249745 
   0.113838 0.0584383 0.0343539 0.0179967 0.00896143 0.00411551 0.00203402 
  0.000958991 0.000511171 0.000230525 0.000106131 5.09454e-05 2.66254e-05 1.39763e-05 
  8.55154e-06 4.76018e-06 2.91498e-06 1.77577e-06 1.01637e-06 5.71884e-07 3.68141e-07 
  1.75682e-07 8.66399e-08 
  0.000429166 0.000984791 0.00202241 0.00393297 0.00742228  0.014157 0.0259834 
  0.0487475 0.0829818  0.186519  0.307799   0.52762         1  0.473343 
   0.215758  0.110758 0.0651111 0.0341091 0.0169846 0.00780013 0.00385507 
  0.00181758 0.000968824 0.000436914 0.00020115 9.65569e-05 5.04633e-05 2.64894e-05 
  1.62078e-05 9.02197e-06 5.52477e-06 3.36562e-06 1.92633e-06 1.08389e-06 6.97739e-07 
  3.32971e-07 1.64209e-07 
  0.000203143 0.000466143 0.000957293 0.00186164 0.00351328 0.00670109 0.0122991 
  0.0230743 0.0392788 0.0882873  0.145694  0.249745  0.473343         1 
   0.455817  0.233992  0.137556 0.0720601 0.0358823 0.0164788 0.00814436 
  0.00383988 0.00204677 0.00092304 0.000424956 0.000203989 0.00010661 5.59624e-05 
  3.42411e-05 1.90601e-05 1.16718e-05 7.11033e-06 4.06962e-06 2.28987e-06 1.47407e-06 
  7.03447e-07 3.46913e-07 
  9.25958e-05 0.000212476 0.00043635 0.000848569 0.00160141 0.00305447 0.00560612 
  0.0105176  0.017904 0.0402429 0.0664099  0.113838  0.215758  0.455817 
          1  0.513346  0.301779   0.15809 0.0787209 0.0361523 0.0178676 
  0.00842417 0.00449034 0.00202502 0.000932295 0.000447525 0.000233889 0.000122774 
  7.51202e-05 4.18153e-05 2.56064e-05 1.55991e-05 8.9282e-06 5.02366e-06 3.2339e-06 
  1.54327e-06 7.6108e-07 
  4.75337e-05 0.000109074 0.000223999 0.000435609 0.000822079  0.001568 0.00287788 
  0.00539919 0.00919093 0.0206585 0.0340913 0.0584383  0.110758  0.233992 
   0.513346         1  0.587866   0.30796  0.153349 0.0704248 0.0348062 
  0.0164103 0.00874719 0.00394475 0.00181611 0.00087178 0.000455616 0.000239164 
  0.000146334 8.14564e-05 4.98814e-05 3.03871e-05 1.73922e-05 9.78611e-06 6.29966e-06 
  3.00629e-06 1.48259e-06 
  2.79435e-05 6.41208e-05 0.000131681 0.00025608 0.000483272 0.000921775 0.00169181 
   0.003174 0.00540304 0.0121444 0.0200411 0.0343539 0.0651111  0.137556 
   0.301779  0.587866         1  0.523861  0.260856  0.119797 0.0592077 
   0.027915 0.0148796 0.00671029 0.00308933 0.00148296 0.000775034 0.000406834 
  0.000248925 0.000138563 8.48515e-05 5.16905e-05 2.95852e-05 1.66468e-05 1.07161e-05 
  5.1139e-06 2.52198e-06 
  1.46385e-05 3.35903e-05 6.89826e-05 0.00013415 0.000253167 0.000482882 0.000886272 
  0.00166273 0.00283044  0.006362 0.0104987 0.0179967 0.0341091 0.0720601 
    0.15809   0.30796  0.523861         1   0.49795  0.228682  0.113022 
  0.0532871 0.0284037 0.0128093 0.00589724 0.00283082 0.00147947 0.000776607 
  0.000475174 0.000264503 0.000161973 9.86722e-05 5.64754e-05 3.17772e-05 2.04561e-05 
  9.76194e-06 4.81422e-06 
  7.28923e-06 1.67263e-05 3.43499e-05 6.68001e-05 0.000126065 0.000240451 0.000441319 
  0.000827958 0.00140942 0.00316795 0.00522785 0.00896143 0.0169846 0.0358823 
  0.0787209  0.153349  0.260856   0.49795         1  0.459246  0.226974 
   0.107013 0.0570412 0.0257241  0.011843 0.00568496 0.00297111 0.00155961 
  0.00095426 0.000531185 0.000325281 0.000198157 0.000113416 6.38161e-05 4.10806e-05 
  1.96043e-05 9.66808e-06 
  3.34755e-06 7.68149e-06 1.57751e-05 3.06777e-05 5.78947e-05 0.000110426 0.000202674 
  0.000380237 0.000647269 0.00145487 0.00240087 0.00411551 0.00780013 0.0164788 
  0.0361523 0.0704248  0.119797  0.228682  0.459246         1  0.494232 
   0.233019  0.124206 0.0560137  0.025788 0.0123789 0.00646954 0.00339602 
  0.00207788 0.00115664 0.000708292 0.000431483 0.000246961 0.000138958 8.94523e-05 
  4.26879e-05 2.10521e-05 
  1.65447e-06 3.79644e-06 7.79654e-06 1.51619e-05 2.86134e-05 5.45762e-05 0.000100168 
  0.000187925 0.000319901 0.000719044 0.00118659 0.00203402 0.00385507 0.00814436 
  0.0178676 0.0348062 0.0592077  0.113022  0.226974  0.494232         1 
   0.471477  0.251311  0.113335 0.0521779 0.0250467 0.0130901 0.00687131 
  0.00420427 0.00234029 0.00143312 0.000873037 0.000499686 0.00028116 0.000180992 
  8.63722e-05 4.25955e-05 
  7.80043e-07 1.78993e-06 3.67589e-06 7.14849e-06 1.34906e-05 2.57314e-05 4.72269e-05 
  8.86024e-05 0.000150826 0.000339013 0.000559448 0.000958991 0.00181758 0.00383988 
  0.00842417 0.0164103  0.027915 0.0532871  0.107013  0.233019  0.471477 
          1   0.53303  0.240383  0.110669 0.0531239  0.027764  0.014574 
  0.00891723 0.00496374 0.00303963 0.00185171 0.00105983 0.000596339 0.000383884 
  0.000183195 9.03449e-05 
  4.15786e-07 9.54089e-07 1.95936e-06 3.81036e-06 7.19088e-06 1.37156e-05 2.51734e-05 
  4.72278e-05 8.03948e-05 0.000180704 0.000298203 0.000511171 0.000968824 0.00204677 
  0.00449034 0.00874719 0.0148796 0.0284037 0.0570412  0.124206  0.251311 
    0.53303         1  0.450974  0.207623  0.099664 0.0520871 0.0273418 
  0.0167293 0.00931229 0.00570256 0.00347393 0.00198831 0.00111877 0.000720192 
  0.000343686 0.000169493 
  1.87509e-07 4.30269e-07 8.83619e-07 1.71837e-06 3.2429e-06 6.18538e-06 1.13525e-05 
  2.12985e-05 3.62559e-05 8.14927e-05 0.000134482 0.000230525 0.000436914 0.00092304 
  0.00202502 0.00394475 0.00671029 0.0128093 0.0257241 0.0560137  0.113335 
   0.240383  0.450974         1  0.460387  0.220997  0.115499 0.0606284 
   0.037096 0.0206493  0.012645 0.00770317 0.00440894 0.00248079 0.00159697 
  0.000762098 0.000375838 
  8.63267e-08 1.9809e-07 4.06807e-07 7.91117e-07 1.49299e-06 2.84767e-06 5.22656e-06 
  9.80555e-06 1.66918e-05 3.75182e-05 6.19137e-05 0.000106131 0.00020115 0.000424956 
  0.000932295 0.00181611 0.00308933 0.00589724  0.011843  0.025788 0.0521779 
   0.110669  0.207623  0.460387         1  0.480025  0.250874   0.13169 
  0.0805756  0.044852  0.027466 0.0167319 0.00957658 0.00538849 0.00346875 
  0.00165534 0.000816351 
  4.14389e-08 9.50883e-08 1.95278e-07 3.79756e-07 7.16672e-07 1.36695e-06 2.50888e-06 
  4.70691e-06 8.01247e-06 1.80097e-05 2.97201e-05 5.09454e-05 9.65569e-05 0.000203989 
  0.000447525 0.00087178 0.00148296 0.00283082 0.00568496 0.0123789 0.0250467 
  0.0531239  0.099664  0.220997  0.480025         1  0.522627   0.27434 
   0.167857 0.0934369 0.0572178 0.0348564 0.0199502 0.0112254 0.0072262 
  0.00344845 0.00170064 
  2.16571e-08 4.96958e-08 1.02057e-07 1.98471e-07 3.74552e-07 7.14407e-07 1.31121e-06 
  2.45996e-06 4.18754e-06 9.41236e-06 1.55325e-05 2.66254e-05 5.04633e-05 0.00010661 
  0.000233889 0.000455616 0.000775034 0.00147947 0.00297111 0.00646954 0.0130901 
   0.027764 0.0520871  0.115499  0.250874  0.522627         1  0.524924 
   0.321179  0.178783  0.109481 0.0666945 0.0381728 0.0214789 0.0138267 
  0.00659829 0.00325403 
  1.13684e-08 2.60865e-08 5.35724e-08 1.04182e-07 1.96612e-07 3.75009e-07 6.88286e-07 
  1.29129e-06 2.19814e-06 4.94077e-06 8.1534e-06 1.39763e-05 2.64894e-05 5.59624e-05 
  0.000122774 0.000239164 0.000406834 0.000776607 0.00155961 0.00339602 0.00687131 
   0.014574 0.0273418 0.0606284   0.13169   0.27434  0.524924         1 
   0.611858  0.340588  0.208565  0.127055 0.0727207  0.040918 0.0263403 
    0.01257 0.00619904 
  6.95582e-09 1.59612e-08 3.27787e-08 6.37447e-08 1.20298e-07 2.29453e-07 4.21133e-07 
  7.90088e-07 1.34495e-06 3.02305e-06 4.98873e-06 8.55154e-06 1.62078e-05 3.42411e-05 
  7.51202e-05 0.000146334 0.000248925 0.000475174 0.00095426 0.00207788 0.00420427 
  0.00891723 0.0167293  0.037096 0.0805756  0.167857  0.321179  0.611858 
          1  0.556646  0.340872  0.207655  0.118852  0.066875 0.0430497 
  0.0205439 0.0101315 
  3.87193e-09 8.88476e-09 1.82461e-08 3.54832e-08 6.69636e-08 1.27724e-07 2.34422e-07 
  4.39799e-07 7.4866e-07 1.68277e-06 2.77695e-06 4.76018e-06 9.02197e-06 1.90601e-05 
  4.18153e-05 8.14564e-05 0.000138563 0.000264503 0.000531185 0.00115664 0.00234029 
  0.00496374 0.00931229 0.0206493  0.044852 0.0934369  0.178783  0.340588 
   0.556646         1  0.612368  0.373047  0.213515  0.120139 0.0773378 
  0.0369067  0.018201 
  2.37105e-09 5.44074e-09 1.11734e-08 2.17288e-08 4.10064e-08 7.8214e-08 1.43553e-07 
  2.69319e-07 4.58456e-07 1.03047e-06 1.70052e-06 2.91498e-06 5.52477e-06 1.16718e-05 
  2.56064e-05 4.98814e-05 8.48515e-05 0.000161973 0.000325281 0.000708292 0.00143312 
  0.00303963 0.00570256  0.012645  0.027466 0.0572178  0.109481  0.208565 
   0.340872  0.612368         1  0.609188  0.348671  0.196188  0.126293 
  0.0602688 0.0297223 
  1.44441e-09 3.31443e-09 6.80667e-09 1.32369e-08 2.49806e-08 4.7647e-08 8.74505e-08 
  1.64066e-07 2.79286e-07 6.27752e-07 1.03593e-06 1.77577e-06 3.36562e-06 7.11033e-06 
  1.55991e-05 3.03871e-05 5.16905e-05 9.86722e-05 0.000198157 0.000431483 0.000873037 
  0.00185171 0.00347393 0.00770317 0.0167319 0.0348564 0.0666945  0.127055 
   0.207655  0.373047  0.609188         1  0.572354  0.322048  0.207314 
   0.098933   0.04879 
  8.26714e-10 1.89703e-09 3.89582e-09 7.57619e-09 1.42977e-08 2.72709e-08 5.00526e-08 
  9.39036e-08 1.5985e-07 3.59296e-07 5.92921e-07 1.01637e-06 1.92633e-06 4.06962e-06 
  8.9282e-06 1.73922e-05 2.95852e-05 5.64754e-05 0.000113416 0.000246961 0.000499686 
  0.00105983 0.00198831 0.00440894 0.00957658 0.0199502 0.0381728 0.0727207 
   0.118852  0.213515  0.348671  0.572354         1  0.562674  0.362212 
   0.172853 0.0852445 
  4.6517e-10 1.06741e-09 2.19208e-09 4.26292e-09 8.04496e-09 1.53446e-08 2.81633e-08 
  5.28371e-08 8.99434e-08 2.02167e-07 3.33621e-07 5.71884e-07 1.08389e-06 2.28987e-06 
  5.02366e-06 9.78611e-06 1.66468e-05 3.17772e-05 6.38161e-05 0.000138958 0.00028116 
  0.000596339 0.00111877 0.00248079 0.00538849 0.0112254 0.0214789  0.040918 
   0.066875  0.120139  0.196188  0.322048  0.562674         1  0.643734 
   0.307199  0.151499 
  2.99446e-10 6.87127e-10 1.41111e-09 2.74419e-09 5.17881e-09 9.87787e-09 1.81297e-08 
  3.4013e-08 5.78997e-08 1.30142e-07 2.14763e-07 3.68141e-07 6.97739e-07 1.47407e-06 
  3.2339e-06 6.29966e-06 1.07161e-05 2.04561e-05 4.10806e-05 8.94523e-05 0.000180992 
  0.000383884 0.000720192 0.00159697 0.00346875 0.0072262 0.0138267 0.0263403 
  0.0430497 0.0773378  0.126293  0.207314  0.362212  0.643734         1 
   0.477214  0.235344 
  1.429e-10 3.27907e-10 6.73404e-10 1.30957e-09 2.47141e-09 4.71386e-09 8.65174e-09 
  1.62315e-08 2.76306e-08 6.21054e-08 1.02488e-07 1.75682e-07 3.32971e-07 7.03447e-07 
  1.54327e-06 3.00629e-06 5.1139e-06 9.76194e-06 1.96043e-05 4.26879e-05 8.63722e-05 
  0.000183195 0.000343686 0.000762098 0.00165534 0.00344845 0.00659829   0.01257 
  0.0205439 0.0369067 0.0602688  0.098933  0.172853  0.307199  0.477214 
          1  0.493162 
  7.04729e-11 1.61711e-10 3.32098e-10 6.45829e-10 1.2188e-09 2.3247e-09 4.26671e-09 
  8.00477e-09 1.36263e-08 3.0628e-08 5.05433e-08 8.66399e-08 1.64209e-07 3.46913e-07 
  7.6108e-07 1.48259e-06 2.52198e-06 4.81422e-06 9.66808e-06 2.10521e-05 4.25955e-05 
  9.03449e-05 0.000169493 0.000375838 0.000816351 0.00170064 0.00325403 0.00619904 
  0.0101315  0.018201 0.0297223   0.04879 0.0852445  0.151499  0.235344 
   0.493162         1
