0.932123   0.69928  0.554634  0.532272  0.443636   0.28441  0.244322 
   0.286718  0.270821  0.142472  0.079448 0.0900631   0.10479  0.110303 
  0.0759632 -0.00708128 -0.072399 -0.0323919  0.135401  0.109642 0.0884147 
   0.120786  0.161111  0.123964 0.0667577 0.0930631 0.0356272 -0.0237843 
  -0.00836523 0.0667713 -0.00400831 0.0128875 0.0624425 0.0725696  0.132201 
   0.140179 0.0399829 
    0.69928   1.05772  0.769376  0.581587  0.469864  0.319286  0.260676 
   0.270321  0.200326 0.0305658 0.0474279  0.118372  0.164255  0.116625 
   0.114649 0.0306413 -0.0400447 -0.0483384  0.122248 0.0851777  0.092858 
   0.152261  0.167996  0.141288  0.199545  0.258441  0.152671 0.0452505 
  0.0108477 0.0919594 0.0986693  0.104126    0.1024 0.0510957 0.0787979 
  0.0430513 0.0571654 
   0.554634  0.769376   0.88552  0.632238  0.472862  0.336816  0.359944 
   0.331617   0.22496   0.10415 0.0879504  0.142616  0.162059 0.0992755 
   0.128298 0.0188312 -0.0692665 -0.099213 0.0876735 0.0963821 0.0956131 
   0.122211  0.143427  0.136209  0.114964  0.144472 0.0663967 -0.0399879 
  -0.0519875 -0.00840615 0.00202989 0.0302505  0.116037 0.0818408 0.0897789 
  0.0782721  0.156802 
   0.532272  0.581587  0.632238  0.787022  0.649017  0.490414  0.495189 
   0.472628  0.361919   0.25347  0.245076  0.269875  0.211864  0.141944 
   0.163669 -0.00237637 -0.0953249 -0.0841373  0.122749  0.132992  0.156029 
   0.204614  0.210282  0.213197  0.152787  0.193657  0.106782 0.0268568 
  0.0523477 0.0925068 0.0946722   0.10278  0.211347  0.164158  0.177583 
   0.107619  0.172139 
   0.443636  0.469864  0.472862  0.649017   0.76371   0.57323  0.542204 
   0.536565  0.464465  0.304319  0.277321  0.279304  0.240657   0.18632 
   0.206268 0.0759374 0.0139422 0.0103233  0.191373  0.186144    0.1466 
   0.170446  0.180625  0.168652  0.151848  0.239292  0.118664 0.0794727 
  0.0897354  0.126264  0.132805  0.132695  0.207917  0.158596  0.211878 
   0.155376  0.174342 
    0.28441  0.319286  0.336816  0.490414   0.57323  0.723198  0.660719 
   0.587624   0.50772  0.377025  0.315753  0.272606  0.246985  0.209665 
   0.263617  0.133323  0.209843  0.145441  0.274032  0.281142   0.21688 
   0.220258  0.212671   0.22828  0.129906  0.215425  0.123466 0.0484725 
  0.0690969  0.110019   0.11859  0.123555  0.205616  0.165266  0.175297 
   0.116607  0.143959 
   0.244322  0.260676  0.359944  0.495189  0.542204  0.660719  0.833712 
   0.720634  0.619066   0.47685  0.383846  0.334026  0.298394  0.227695 
   0.277843   0.15637  0.180492  0.115129   0.24091  0.258774  0.156361 
   0.145758  0.102441  0.181727   0.10906  0.185972 0.0603422 0.0226411 
  0.0674947 0.0731417 0.0972497  0.134692  0.210686  0.168045  0.193735 
   0.117303   0.15405 
   0.286718  0.270321  0.331617  0.472628  0.536565  0.587624  0.720634 
   0.815375  0.721033  0.542287  0.433033  0.406771  0.349917   0.24707 
   0.322887  0.234837  0.201148  0.190322  0.320667  0.320755  0.256576 
   0.216745  0.129573   0.22117  0.148077  0.180857 0.0617812 0.00816959 
  0.0364222 0.0522762 0.0596642   0.11921  0.180717  0.145581  0.187273 
   0.102043  0.059986 
   0.270821  0.200326   0.22496  0.361919  0.464465   0.50772  0.619066 
   0.721033  0.866809  0.711771  0.563662  0.484257  0.465323  0.337375 
    0.32592  0.269562  0.263359  0.230728  0.321918  0.401333  0.348701 
   0.262659  0.147727  0.193463  0.109698  0.200797  0.143061 0.0949631 
   0.100518 0.0975365  0.101077   0.15893  0.156158  0.120383  0.139221 
  0.0569347 0.0169858 
   0.142472 0.0305658   0.10415   0.25347  0.304319  0.377025   0.47685 
   0.542287  0.711771  0.949646  0.749468   0.67067  0.635687  0.400003 
   0.249651  0.297299  0.290662  0.278256  0.341017  0.419449  0.357711 
   0.306758  0.202682  0.152044 0.0814733  0.159216  0.112987  0.123255 
   0.160471  0.199787   0.19307  0.211717  0.213277  0.151776  0.151926 
   0.110459  0.087284 
   0.079448 0.0474279 0.0879504  0.245076  0.277321  0.315753  0.383846 
   0.433033  0.563662  0.749468  0.746265  0.650783  0.606477  0.413235 
   0.271565  0.289267  0.243678  0.199998  0.239579  0.322183  0.322619 
   0.250418  0.151789 0.0826596 0.0579567 0.0874706 0.0967117  0.105856 
   0.144891  0.173199  0.182819  0.185242  0.203543  0.148675  0.126386 
  0.0681225 0.0460221 
  0.0900631  0.118372  0.142616  0.269875  0.279304  0.272606  0.334026 
   0.406771  0.484257   0.67067  0.650783  0.773732  0.676333  0.418325 
   0.313905  0.323495  0.243919  0.260797  0.273082  0.295272  0.346317 
   0.286502  0.128751 0.0448931 0.0736269 0.0799048 0.0971797  0.127408 
   0.180316  0.195419  0.179241  0.193328  0.213685  0.134949  0.136536 
  0.0743573 0.0284922 
    0.10479  0.164255  0.162059  0.211864  0.240657  0.246985  0.298394 
   0.349917  0.465323  0.635687  0.606477  0.676333  0.901649  0.677712 
   0.529241  0.506539  0.401731  0.376368   0.39915  0.381802  0.393711 
   0.317289  0.130153 0.0926104 0.0987676  0.188179   0.13655  0.185737 
   0.216755  0.208505  0.191331  0.198386  0.213682  0.115748  0.101366 
  0.0702827 0.0383815 
   0.110303  0.116625 0.0992755  0.141944   0.18632  0.209665  0.227695 
    0.24707  0.337375  0.400003  0.413235  0.418325  0.677712  0.874553 
   0.687735  0.652865  0.590077  0.412426  0.443489  0.432394  0.393015 
   0.346133  0.227592  0.188231   0.14022  0.120398  0.126538   0.19242 
   0.208098  0.269414  0.273354  0.211855  0.238888    0.1792  0.107748 
  -0.00374274 -0.0361409 
  0.0759632  0.114649  0.128298  0.163669  0.206268  0.263617  0.277843 
   0.322887   0.32592  0.249651  0.271565  0.313905  0.529241  0.687735 
    1.01459  0.919276  0.788024   0.62719  0.612166  0.414812   0.37829 
   0.338521  0.183588   0.19281  0.146539  0.152663   0.11477  0.102185 
    0.14188  0.137307  0.120606  0.099967  0.142316  0.109121 0.0938046 
  -0.0173716 -0.00240785 
  -0.00708128 0.0306413 0.0188312 -0.00237637 0.0759374  0.133323   0.15637 
   0.234837  0.269562  0.297299  0.289267  0.323495  0.506539  0.652865 
   0.919276   1.19243   1.05786  0.842549  0.729523  0.521109  0.417219 
   0.337782  0.153432  0.213573  0.175233  0.129433 0.0447081 0.0625218 
    0.10249 0.0978829 0.0852849 0.0997584  0.110403  0.100014 0.0645189 
  0.0313943 0.0523469 
  -0.072399 -0.0400447 -0.0692665 -0.0953249 0.0139422  0.209843  0.180492 
   0.201148  0.263359  0.290662  0.243678  0.243919  0.401731  0.590077 
   0.788024   1.05786   1.22379  0.943724  0.802875  0.606878   0.43957 
   0.310948  0.125996  0.173358 0.0826661  0.017652 -0.0390672 0.0163862 
  0.0863066 0.0969289  0.044563 0.0509201 0.0507991 0.0640071 -0.00876524 
  -0.0420178 -0.026784 
  -0.0323919 -0.0483384 -0.099213 -0.0841373 0.0103233  0.145441  0.115129 
   0.190322  0.230728  0.278256  0.199998  0.260797  0.376368  0.412426 
    0.62719  0.842549  0.943724   1.17535  0.937717  0.690083  0.534227 
   0.371238  0.182619  0.198791  0.146988  0.109104 0.0391447 0.0504319 
   0.123359 0.0879718 0.0382026 0.0588694  0.042205 0.0230933 0.0303973 
  0.0383969 0.0314505 
   0.135401  0.122248 0.0876735  0.122749  0.191373  0.274032   0.24091 
   0.320667  0.321918  0.341017  0.239579  0.273082   0.39915  0.443489 
   0.612166  0.729523  0.802875  0.937717   1.07437  0.905889  0.653572 
   0.502073  0.333813  0.306355  0.216552  0.228122  0.135314 0.0853626 
   0.153687  0.173761 0.0916572  0.147034  0.176293  0.146855  0.176761 
   0.135815  0.153215 
   0.109642 0.0851777 0.0963821  0.132992  0.186144  0.281142  0.258774 
   0.320755  0.401333  0.419449  0.322183  0.295272  0.381802  0.432394 
   0.414812  0.521109  0.606878  0.690083  0.905889   1.14647  0.911443 
   0.654932  0.439699  0.295804  0.237778  0.195548  0.176876  0.131812 
   0.101773   0.15632  0.125534  0.154254  0.168925  0.159584  0.161325 
   0.139102  0.217399 
  0.0884147  0.092858 0.0956131  0.156029    0.1466   0.21688  0.156361 
   0.256576  0.348701  0.357711  0.322619  0.346317  0.393711  0.393015 
    0.37829  0.417219   0.43957  0.534227  0.653572  0.911443   1.08428 
   0.774167   0.45532  0.284873  0.217608  0.108504  0.172776  0.137331 
    0.12384  0.129993 0.0895005 0.0924406 0.0882604 0.0688666 -0.0013135 
  -0.0129177 0.0186452 
   0.120786  0.152261  0.122211  0.204614  0.170446  0.220258  0.145758 
   0.216745  0.262659  0.306758  0.250418  0.286502  0.317289  0.346133 
   0.338521  0.337782  0.310948  0.371238  0.502073  0.654932  0.774167 
   0.844016  0.645538  0.474899  0.342293  0.198448   0.19976  0.188775 
   0.118856  0.156029   0.12496  0.122911  0.142499  0.141006  0.103455 
  0.0462663  0.085688 
   0.161111  0.167996  0.143427  0.210282  0.180625  0.212671  0.102441 
   0.129573  0.147727  0.202682  0.151789  0.128751  0.130153  0.227592 
   0.183588  0.153432  0.125996  0.182619  0.333813  0.439699   0.45532 
   0.645538  0.712779  0.521511  0.348113  0.233771  0.233818  0.196141 
   0.128252  0.214967  0.203111  0.199938  0.227783  0.236642  0.230787 
   0.181883  0.199593 
   0.123964  0.141288  0.136209  0.213197  0.168652   0.22828  0.181727 
    0.22117  0.193463  0.152044 0.0826596 0.0448931 0.0926104  0.188231 
    0.19281  0.213573  0.173358  0.198791  0.306355  0.295804  0.284873 
   0.474899  0.521511  0.749187  0.522096  0.419727  0.277842   0.22535 
   0.173249  0.188056  0.182596  0.193641   0.26451  0.246254  0.224168 
   0.216741  0.229696 
  0.0667577  0.199545  0.114964  0.152787  0.151848  0.129906   0.10906 
   0.148077  0.109698 0.0814733 0.0579567 0.0736269 0.0987676   0.14022 
   0.146539  0.175233 0.0826661  0.146988  0.216552  0.237778  0.217608 
   0.342293  0.348113  0.522096  0.732719  0.646466  0.460228  0.335392 
   0.222659   0.19032  0.195873  0.213257  0.259968  0.187069  0.155743 
   0.151701  0.146591 
  0.0930631  0.258441  0.144472  0.193657  0.239292  0.215425  0.185972 
   0.180857  0.200797  0.159216 0.0874706 0.0799048  0.188179  0.120398 
   0.152663  0.129433  0.017652  0.109104  0.228122  0.195548  0.108504 
   0.198448  0.233771  0.419727  0.646466   1.00499  0.758965  0.553015 
   0.402902  0.303836  0.294073  0.289082  0.287264  0.125449  0.136389 
   0.196597  0.207082 
  0.0356272  0.152671 0.0663967  0.106782  0.118664  0.123466 0.0603422 
  0.0617812  0.143061  0.112987 0.0967117 0.0971797   0.13655  0.126538 
    0.11477 0.0447081 -0.0390672 0.0391447  0.135314  0.176876  0.172776 
    0.19976  0.233818  0.277842  0.460228  0.758965  0.837015  0.633948 
    0.49568   0.40149  0.395526  0.363209  0.334493  0.178972  0.130038 
   0.130054  0.158172 
  -0.0237843 0.0452505 -0.0399879 0.0268568 0.0794727 0.0484725 0.0226411 
  0.00816959 0.0949631  0.123255  0.105856  0.127408  0.185737   0.19242 
   0.102185 0.0625218 0.0163862 0.0504319 0.0853626  0.131812  0.137331 
   0.188775  0.196141   0.22535  0.335392  0.553015  0.633948  0.696474 
    0.57526  0.458448  0.423897  0.372125  0.315724  0.209416  0.143983 
   0.147857  0.150794 
  -0.00836523 0.0108477 -0.0519875 0.0523477 0.0897354 0.0690969 0.0674947 
  0.0364222  0.100518  0.160471  0.144891  0.180316  0.216755  0.208098 
    0.14188   0.10249 0.0863066  0.123359  0.153687  0.101773   0.12384 
   0.118856  0.128252  0.173249  0.222659  0.402902   0.49568   0.57526 
   0.633465  0.507468  0.438256   0.40522  0.356701   0.25036  0.169866 
   0.147544   0.17308 
  0.0667713 0.0919594 -0.00840615 0.0925068  0.126264  0.110019 0.0731417 
  0.0522762 0.0975365  0.199787  0.173199  0.195419  0.208505  0.269414 
   0.137307 0.0978829 0.0969289 0.0879718  0.173761   0.15632  0.129993 
   0.156029  0.214967  0.188056   0.19032  0.303836   0.40149  0.458448 
   0.507468   0.65283  0.604261  0.521718  0.496834   0.38769  0.314736 
   0.217989  0.233003 
  -0.00400831 0.0986693 0.00202989 0.0946722  0.132805   0.11859 0.0972497 
  0.0596642  0.101077   0.19307  0.182819  0.179241  0.191331  0.273354 
   0.120606 0.0852849  0.044563 0.0382026 0.0916572  0.125534 0.0895005 
    0.12496  0.203111  0.182596  0.195873  0.294073  0.395526  0.423897 
   0.438256  0.604261  0.773161  0.656877   0.63103  0.523393  0.439374 
   0.309888  0.309775 
  0.0128875  0.104126 0.0302505   0.10278  0.132695  0.123555  0.134692 
    0.11921   0.15893  0.211717  0.185242  0.193328  0.198386  0.211855 
   0.099967 0.0997584 0.0509201 0.0588694  0.147034  0.154254 0.0924406 
   0.122911  0.199938  0.193641  0.213257  0.289082  0.363209  0.372125 
    0.40522  0.521718  0.656877  0.719665  0.660007  0.554832   0.47349 
   0.381632  0.357625 
  0.0624425    0.1024  0.116037  0.211347  0.207917  0.205616  0.210686 
   0.180717  0.156158  0.213277  0.203543  0.213685  0.213682  0.238888 
   0.142316  0.110403 0.0507991  0.042205  0.176293  0.168925 0.0882604 
   0.142499  0.227783   0.26451  0.259968  0.287264  0.334493  0.315724 
   0.356701  0.496834   0.63103  0.660007  0.786298  0.702891  0.604909 
   0.491793  0.500349 
  0.0725696 0.0510957 0.0818408  0.164158  0.158596  0.165266  0.168045 
   0.145581  0.120383  0.151776  0.148675  0.134949  0.115748    0.1792 
   0.109121  0.100014 0.0640071 0.0230933  0.146855  0.159584 0.0688666 
   0.141006  0.236642  0.246254  0.187069  0.125449  0.178972  0.209416 
    0.25036   0.38769  0.523393  0.554832  0.702891  0.789825  0.711347 
   0.610357  0.606668 
   0.132201 0.0787979 0.0897789  0.177583  0.211878  0.175297  0.193735 
   0.187273  0.139221  0.151926  0.126386  0.136536  0.101366  0.107748 
  0.0938046 0.0645189 -0.00876524 0.0303973  0.176761  0.161325 -0.0013135 
   0.103455  0.230787  0.224168  0.155743  0.136389  0.130038  0.143983 
   0.169866  0.314736  0.439374   0.47349  0.604909  0.711347  0.804773 
   0.717143  0.653147 
   0.140179 0.0430513 0.0782721  0.107619  0.155376  0.116607  0.117303 
   0.102043 0.0569347  0.110459 0.0681225 0.0743573 0.0702827 -0.00374274 
  -0.0173716 0.0313943 -0.0420178 0.0383969  0.135815  0.139102 -0.0129177 
  0.0462663  0.181883  0.216741  0.151701  0.196597  0.130054  0.147857 
   0.147544  0.217989  0.309888  0.381632  0.491793  0.610357  0.717143 
   0.904799  0.772842 
  0.0399829 0.0571654  0.156802  0.172139  0.174342  0.143959   0.15405 
   0.059986 0.0169858  0.087284 0.0460221 0.0284922 0.0383815 -0.0361409 
  -0.00240785 0.0523469 -0.026784 0.0314505  0.153215  0.217399 0.0186452 
   0.085688  0.199593  0.229696  0.146591  0.207082  0.158172  0.150794 
    0.17308  0.233003  0.309775  0.357625  0.500349  0.606668  0.653147 
   0.772842   1.02094
