1.02835  0.798883  0.664231  0.552634  0.493358   0.40509  0.331686 
   0.229352  0.231453  0.179785   0.13806  0.105926  0.117252   0.12255 
  0.0977019  0.111029  0.116843  0.116012   0.16233  0.146975  0.136378 
   0.150901   0.20972  0.236903  0.260322  0.261146  0.223632  0.169337 
   0.140691  0.129562  0.146992  0.150625   0.15802  0.178119  0.164111 
   0.124912 0.0877795 
   0.798883   1.09039  0.834038  0.700427  0.607529  0.494023  0.361169 
   0.235501  0.222726  0.166501  0.163364  0.118197  0.126144   0.12979 
   0.124931  0.128834  0.129363  0.121023  0.157971  0.150015  0.165991 
   0.182497  0.210205  0.247174  0.306063  0.306977  0.244394  0.209129 
    0.16991    0.1727   0.18725  0.129536  0.140218  0.166804  0.137814 
   0.095019 0.0585767 
   0.664231  0.834038  0.976547  0.792322  0.696087  0.562135  0.438288 
   0.309816  0.271265  0.201651  0.169922   0.16503  0.152598  0.151736 
   0.151458  0.139154  0.118078 0.0884549  0.150028  0.133104  0.147284 
   0.148931  0.191742  0.238436  0.269129   0.25281  0.206256  0.181283 
   0.156113  0.150305  0.167917  0.141602  0.158037  0.187387  0.165463 
    0.12654  0.121625 
   0.552634  0.700427  0.792322   1.02022  0.851685   0.72039  0.598095 
   0.481543  0.391598  0.304615  0.251838  0.236163  0.198331  0.200058 
   0.174343  0.134114  0.117737 0.0748168  0.153863   0.15227  0.155447 
   0.177923   0.23836  0.277478  0.301282  0.313608  0.256751  0.245833 
   0.256331  0.238653  0.225445  0.206931  0.280335  0.280045  0.238367 
   0.186902  0.160948 
   0.493358  0.607529  0.696087  0.851685   1.02184  0.843802  0.693428 
   0.564348  0.480383  0.347016   0.28735  0.269386  0.246484  0.225272 
   0.177314  0.150668  0.142208    0.1162  0.172782  0.143396   0.15672 
   0.155635    0.1937  0.224531  0.263085  0.316068  0.258096  0.250321 
   0.276649  0.281853  0.271157  0.226423  0.271125  0.245587  0.239035 
    0.22547  0.166057 
    0.40509  0.494023  0.562135   0.72039  0.843802   1.02598  0.827067 
   0.642585  0.529975  0.402828  0.297585  0.302969  0.290951  0.243673 
   0.187498  0.133939  0.154957  0.118697  0.197854  0.183096  0.184537 
   0.193314  0.219869  0.208219  0.192518  0.284341  0.250374  0.250031 
   0.315247  0.328333  0.300091  0.267299  0.291282  0.276188  0.257309 
   0.240628   0.21158 
   0.331686  0.361169  0.438288  0.598095  0.693428  0.827067  0.987745 
   0.824945  0.669727  0.518957  0.392251  0.349204  0.315243  0.282304 
   0.233321  0.180464   0.15408  0.127982  0.222973  0.218691  0.236367 
   0.207281  0.193576  0.179933  0.177758  0.233622  0.196326  0.159969 
   0.200865  0.228046  0.207613  0.193316  0.223727  0.216042  0.187678 
    0.16238   0.16902 
   0.229352  0.235501  0.309816  0.481543  0.564348  0.642585  0.824945 
   0.942363   0.80481  0.629839  0.498052  0.431809  0.356375  0.312147 
   0.243701  0.162455  0.122938 0.0909963  0.213545  0.227601    0.2488 
   0.212921  0.183491  0.157367   0.15511    0.1939  0.153427  0.127365 
   0.139698  0.175161  0.153151  0.161918  0.174712  0.163175  0.155523 
   0.115408  0.100678 
   0.231453  0.222726  0.271265  0.391598  0.480383  0.529975  0.669727 
    0.80481  0.967893  0.808325  0.644604  0.529097  0.434801  0.369731 
   0.278624  0.214452  0.172075  0.126081  0.226367   0.27584  0.302873 
   0.220804  0.176411  0.151706  0.132084  0.162526  0.157531  0.140149 
   0.146377  0.159637  0.135822  0.139167  0.136241  0.121643 0.0991052 
  0.0676766 0.0576511 
   0.179785  0.166501  0.201651  0.304615  0.347016  0.402828  0.518957 
   0.629839  0.808325  0.982312  0.795527   0.68704  0.607314   0.51506 
   0.380263   0.33072  0.279474  0.235313  0.287193  0.306867  0.330796 
   0.253868  0.191646  0.123964 0.0887961 0.0933722 0.0924316  0.102849 
   0.105568  0.123939  0.123763  0.129696  0.146073  0.144661  0.113046 
  0.0754088 0.0558692 
    0.13806  0.163364  0.169922  0.251838   0.28735  0.297585  0.392251 
   0.498052  0.644604  0.795527  0.909293   0.76437  0.690379  0.599785 
   0.463869  0.386714  0.322207  0.264846  0.307354  0.305511  0.290232 
   0.216259  0.154699 0.0831475 0.0687944   0.07909 0.0832242 0.0960989 
  0.0904138  0.100641  0.098419  0.113639  0.143695  0.139312  0.113721 
  0.0794079 0.0620233 
   0.105926  0.118197   0.16503  0.236163  0.269386  0.302969  0.349204 
   0.431809  0.529097   0.68704   0.76437  0.904894  0.820895  0.681925 
   0.525743  0.423421  0.331115  0.290791  0.360072  0.329431  0.299192 
   0.240203  0.149453 0.0476874 0.0395299 0.0619307 0.0536091 0.0744474 
  0.0770416 0.0999642 0.0781157  0.101598  0.119323  0.121691  0.106702 
    0.10132 0.0908533 
   0.117252  0.126144  0.152598  0.198331  0.246484  0.290951  0.315243 
   0.356375  0.434801  0.607314  0.690379  0.820895   1.01696  0.852291 
    0.66723  0.549931  0.449698   0.41943  0.462905  0.375821  0.318146 
   0.265522  0.143476 0.0485548 0.0130557  0.076018   0.06316  0.107095 
  0.0895842  0.117805 0.0854183 0.0935933  0.109062   0.12354  0.114189 
   0.127462  0.120522 
    0.12255   0.12979  0.151736  0.200058  0.225272  0.243673  0.282304 
   0.312147  0.369731   0.51506  0.599785  0.681925  0.852291   1.00415 
   0.838942  0.716664  0.597045  0.495993    0.5348  0.432334  0.375981 
   0.333598  0.239195  0.138286 0.0719843 0.0729299 0.0731536   0.10469 
  0.0768848  0.127209  0.099595 0.0749547 0.0977704  0.130435 0.0824732 
  0.0828057  0.104199 
  0.0977019  0.124931  0.151458  0.174343  0.177314  0.187498  0.233321 
   0.243701  0.278624  0.380263  0.463869  0.525743   0.66723  0.838942 
    1.02262  0.920696   0.77586  0.654211  0.609631  0.447289  0.391036 
   0.347712  0.234661  0.155583 0.0906767  0.106409 0.0974241 0.0937425 
  0.0823998 0.0932707 0.0592746 0.0313666 0.0458621 0.0925234  0.059184 
  0.0646272 0.0889209 
   0.111029  0.128834  0.139154  0.134114  0.150668  0.133939  0.180464 
   0.162455  0.214452   0.33072  0.386714  0.423421  0.549931  0.716664 
   0.920696   1.08813  0.972849  0.819426  0.675609  0.477843  0.386759 
   0.337248  0.205581  0.154865  0.125981  0.108081 0.0839939 0.0842128 
  0.0645591 0.0689008 0.0328818 0.00333446 0.0101135  0.062535 0.0331075 
  0.0401079 0.0515211 
   0.116843  0.129363  0.118078  0.117737  0.142208  0.154957   0.15408 
   0.122938  0.172075  0.279474  0.322207  0.331115  0.449698  0.597045 
    0.77586  0.972849   1.13356  0.964207  0.743918  0.525911  0.392805 
   0.313401   0.18481  0.144628  0.113573 0.0947817 0.0556904 0.0802161 
  0.0775337 0.0811339 0.0196063 -0.0279334 -0.0261257 0.0130479 -0.0023408 
  0.0189118 0.0285387 
   0.116012  0.121023 0.0884549 0.0748168    0.1162  0.118697  0.127982 
  0.0909963  0.126081  0.235313  0.264846  0.290791   0.41943  0.495993 
   0.654211  0.819426  0.964207   1.09887  0.850926  0.583079  0.418789 
   0.306582  0.156991  0.134163 0.0946592 0.0872859 0.0447226 0.0581971 
  0.0495307 0.0437926 0.0163619 -0.00765776 -0.00940795 0.00150167 0.0174307 
  0.0467674 0.0539078 
    0.16233  0.157971  0.150028  0.153863  0.172782  0.197854  0.222973 
   0.213545  0.226367  0.287193  0.307354  0.360072  0.462905    0.5348 
   0.609631  0.675609  0.743918  0.850926   1.01546  0.840537  0.633579 
   0.460707  0.312363  0.180751 0.0596475 0.0806606 0.0630893 0.0615627 
  0.0382603 0.0584812 0.0316921   0.03832 0.0175238  0.035962 0.0576178 
  0.0734833  0.113819 
   0.146975  0.150015  0.133104   0.15227  0.143396  0.183096  0.218691 
   0.227601   0.27584  0.306867  0.305511  0.329431  0.375821  0.432334 
   0.447289  0.477843  0.525911  0.583079  0.840537   1.08976  0.941125 
   0.687311  0.505107  0.275424  0.125863  0.104912  0.120282  0.123815 
  0.0755721 0.0939346  0.075262 0.0521189 0.0394877 0.0456027  0.061425 
  0.0648811  0.119214 
   0.136378  0.165991  0.147284  0.155447   0.15672  0.184537  0.236367 
     0.2488  0.302873  0.330796  0.290232  0.299192  0.318146  0.375981 
   0.391036  0.386759  0.392805  0.418789  0.633579  0.941125    1.1591 
   0.910112  0.661867  0.360984  0.169298 0.0971555   0.15504  0.138602 
   0.103849  0.118091  0.100277 0.0537385 0.0353253  0.032864 0.00500095 
  0.00585822 0.0436183 
   0.150901  0.182497  0.148931  0.177923  0.155635  0.193314  0.207281 
   0.212921  0.220804  0.253868  0.216259  0.240203  0.265522  0.333598 
   0.347712  0.337248  0.313401  0.306582  0.460707  0.687311  0.910112 
    1.03011  0.835536  0.527914  0.323538  0.216283   0.24253  0.209529 
   0.181917  0.217183  0.211325  0.121605  0.136933  0.151507  0.114711 
   0.107346  0.119865 
    0.20972  0.210205  0.191742   0.23836    0.1937  0.219869  0.193576 
   0.183491  0.176411  0.191646  0.154699  0.149453  0.143476  0.239195 
   0.234661  0.205581   0.18481  0.156991  0.312363  0.505107  0.661867 
   0.835536   0.95185  0.669213  0.437022  0.338756  0.356771  0.281374 
   0.257628  0.292511  0.277717  0.185513  0.182227  0.189503  0.146696 
   0.134253  0.130258 
   0.236903  0.247174  0.238436  0.277478  0.224531  0.208219  0.179933 
   0.157367  0.151706  0.123964 0.0831475 0.0476874 0.0485548  0.138286 
   0.155583  0.154865  0.144628  0.134163  0.180751  0.275424  0.360984 
   0.527914  0.669213  0.907271  0.695175   0.58214  0.503012  0.403186 
   0.355871  0.348811  0.339118  0.252372   0.26647  0.239259  0.179282 
   0.168371  0.153621 
   0.260322  0.306063  0.269129  0.301282  0.263085  0.192518  0.177758 
    0.15511  0.132084 0.0887961 0.0687944 0.0395299 0.0130557 0.0719843 
  0.0906767  0.125981  0.113573 0.0946592 0.0596475  0.125863  0.169298 
   0.323538  0.437022  0.695175  0.913301  0.759548  0.638399  0.510992 
   0.444032  0.399462  0.378981  0.301626  0.299051  0.265378  0.180903 
   0.148765  0.118061 
   0.261146  0.306977   0.25281  0.313608  0.316068  0.284341  0.233622 
     0.1939  0.162526 0.0933722   0.07909 0.0619307  0.076018 0.0729299 
   0.106409  0.108081 0.0947817 0.0872859 0.0806606  0.104912 0.0971555 
   0.216283  0.338756   0.58214  0.759548   1.00832  0.812086  0.666963 
   0.568607  0.469324  0.399486  0.318582  0.299249  0.248158  0.193118 
    0.17291  0.145452 
   0.223632  0.244394  0.206256  0.256751  0.258096  0.250374  0.196326 
   0.153427  0.157531 0.0924316 0.0832242 0.0536091   0.06316 0.0731536 
  0.0974241 0.0839939 0.0556904 0.0447226 0.0630893  0.120282   0.15504 
    0.24253  0.356771  0.503012  0.638399  0.812086  0.917083  0.741863 
   0.651399   0.54329  0.457496  0.360662  0.330225  0.276718   0.19575 
   0.187427  0.160449 
   0.169337  0.209129  0.181283  0.245833  0.250321  0.250031  0.159969 
   0.127365  0.140149  0.102849 0.0960989 0.0744474  0.107095   0.10469 
  0.0937425 0.0842128 0.0802161 0.0581971 0.0615627  0.123815  0.138602 
   0.209529  0.281374  0.403186  0.510992  0.666963  0.741863   0.88534 
   0.741484  0.645664  0.544651  0.431035  0.351827  0.296633  0.199822 
   0.170475  0.140179 
   0.140691   0.16991  0.156113  0.256331  0.276649  0.315247  0.200865 
   0.139698  0.146377  0.105568 0.0904138 0.0770416 0.0895842 0.0768848 
  0.0823998 0.0645591 0.0775337 0.0495307 0.0382603 0.0755721  0.103849 
   0.181917  0.257628  0.355871  0.444032  0.568607  0.651399  0.741484 
   0.885557  0.765869  0.627876  0.510582  0.445458  0.352555  0.259588 
   0.222074  0.195005 
   0.129562    0.1727  0.150305  0.238653  0.281853  0.328333  0.228046 
   0.175161  0.159637  0.123939  0.100641 0.0999642  0.117805  0.127209 
  0.0932707 0.0689008 0.0811339 0.0437926 0.0584812 0.0939346  0.118091 
   0.217183  0.292511  0.348811  0.399462  0.469324   0.54329  0.645664 
   0.765869  0.898705  0.756883   0.60804  0.535199  0.453546  0.348303 
    0.29179   0.24213 
   0.146992   0.18725  0.167917  0.225445  0.271157  0.300091  0.207613 
   0.153151  0.135822  0.123763  0.098419 0.0781157 0.0854183  0.099595 
  0.0592746 0.0328818 0.0196063 0.0163619 0.0316921  0.075262  0.100277 
   0.211325  0.277717  0.339118  0.378981  0.399486  0.457496  0.544651 
   0.627876  0.756883  0.905785  0.776915   0.69643  0.588125  0.461917 
   0.354858  0.284738 
   0.150625  0.129536  0.141602  0.206931  0.226423  0.267299  0.193316 
   0.161918  0.139167  0.129696  0.113639  0.101598 0.0935933 0.0749547 
  0.0313666 0.00333446 -0.0279334 -0.00765776   0.03832 0.0521189 0.0537385 
   0.121605  0.185513  0.252372  0.301626  0.318582  0.360662  0.431035 
   0.510582   0.60804  0.776915   0.91705  0.833801  0.704114  0.572492 
   0.457799  0.348771 
    0.15802  0.140218  0.158037  0.280335  0.271125  0.291282  0.223727 
   0.174712  0.136241  0.146073  0.143695  0.119323  0.109062 0.0977704 
  0.0458621 0.0101135 -0.0261257 -0.00940795 0.0175238 0.0394877 0.0353253 
   0.136933  0.182227   0.26647  0.299051  0.299249  0.330225  0.351827 
   0.445458  0.535199   0.69643  0.833801  0.994194   0.87563  0.731148 
   0.597495  0.475205 
   0.178119  0.166804  0.187387  0.280045  0.245587  0.276188  0.216042 
   0.163175  0.121643  0.144661  0.139312  0.121691   0.12354  0.130435 
  0.0925234  0.062535 0.0130479 0.00150167  0.035962 0.0456027  0.032864 
   0.151507  0.189503  0.239259  0.265378  0.248158  0.276718  0.296633 
   0.352555  0.453546  0.588125  0.704114   0.87563  0.993304  0.832693 
   0.716531  0.607903 
   0.164111  0.137814  0.165463  0.238367  0.239035  0.257309  0.187678 
   0.155523 0.0991052  0.113046  0.113721  0.106702  0.114189 0.0824732 
   0.059184 0.0331075 -0.0023408 0.0174307 0.0576178  0.061425 0.00500095 
   0.114711  0.146696  0.179282  0.180903  0.193118   0.19575  0.199822 
   0.259588  0.348303  0.461917  0.572492  0.731148  0.832693  0.937459 
   0.822175  0.704288 
   0.124912  0.095019   0.12654  0.186902   0.22547  0.240628   0.16238 
   0.115408 0.0676766 0.0754088 0.0794079   0.10132  0.127462 0.0828057 
  0.0646272 0.0401079 0.0189118 0.0467674 0.0734833 0.0648811 0.00585822 
   0.107346  0.134253  0.168371  0.148765   0.17291  0.187427  0.170475 
   0.222074   0.29179  0.354858  0.457799  0.597495  0.716531  0.822175 
   0.981027  0.841562 
  0.0877795 0.0585767  0.121625  0.160948  0.166057   0.21158   0.16902 
   0.100678 0.0576511 0.0558692 0.0620233 0.0908533  0.120522  0.104199 
  0.0889209 0.0515211 0.0285387 0.0539078  0.113819  0.119214 0.0436183 
   0.119865  0.130258  0.153621  0.118061  0.145452  0.160449  0.140179 
   0.195005   0.24213  0.284738  0.348771  0.475205  0.607903  0.704288 
   0.841562  0.991248
