-0.60164 -0.960892 -0.922255 -0.567368 -0.763933 -0.366098 -0.346726 
  -0.110575  0.113619   1.02252  0.602957  0.620432 -0.207604 -0.343104 
  -0.283076 -0.448097  -1.07357 -0.467312 -0.712855  -0.97328 -0.714658 
  -0.463143  0.286821  0.258076  0.651361 -0.293976 -0.457789 -0.141709 
  -0.305935 -0.0937421 -0.0831173 0.0524728  0.842622   0.60585  0.926471 
   0.788371   1.12747 
   0.571949  -0.88257  -1.18597 -0.650568 -0.631019  -0.43211 -0.131058 
  -0.0052743  0.915577  0.804016   1.16081   1.08168   1.76869   1.40858 
    1.04652   1.12831   1.08074   1.04067  0.919623  0.665114   0.36138 
  -0.128258 -0.998013 -0.108859 0.0394111 -0.310406 -0.627615 -0.750126 
  -0.462759 -0.207136  0.115983  0.381063  0.361047  0.388375 -0.0451011 
   0.516189  0.102076 
   0.390366  0.355575 -0.0137211 -0.444964 -0.454412 -0.179382  0.203399 
   0.320353   0.26724  0.136671 -0.823042  -0.33758 -0.987046 -0.524552 
  -0.514314 -0.0515064  0.480269   0.10301  0.427398  0.540858 -0.00134272 
  -0.0530704 -0.125789 0.0759228   1.09761  0.624016  0.300113 -0.0080165 
  -0.0100872  0.482144 -0.683277 -0.320196 -0.916736 -0.961479 -0.701687 
  -0.892245 -0.982073 
    1.49171  0.867589  0.445232 -0.113776 -0.455846 -0.0448951   -1.1972 
  -0.524932    -1.043  -1.09443  -1.11764  -1.39623  -1.46224  -1.46882 
   -1.38641  -1.12527 0.0854799  0.723531 -0.304118 -0.703479 -0.239192 
  -0.225702 -0.658094 -0.257094 -0.0227244 -0.318254  0.107746 -0.162081 
   0.115727  0.509959  0.442725 -0.114936 0.0440741  0.482305  0.878801 
   0.227836  0.801928 
  -0.917034 -0.975351 -0.572945 -0.575796  -0.24141  0.242397  0.203003 
  -0.397302 -0.270881 0.0759601  0.482226 -0.208975  0.273443  0.613626 
   0.200733  0.402718   1.02789  0.991723  0.368813 -0.311216 -0.387976 
   0.261555 -0.353081 -0.685337 -0.496571 -0.214723 -0.599457 -0.0944402 
   0.758232  0.811376  0.211939   1.01677  0.799469  0.910923  0.916736 
   0.674223  0.296543 
  -0.598838 -0.510639 -0.852214 -0.525123 0.0216806  0.238829  0.175188 
    1.10023  0.942164   0.97215  0.937185  0.612674  0.134983  0.453933 
    0.55002   1.59936    1.8781   1.11467 -0.439113 -0.508811 -0.235593 
  -0.540524  -1.12031  -0.80596  -1.33887   -1.2929 -0.902554  -1.15747 
  0.0190544 0.0104114  0.138472  0.101839  0.215715  0.212849  0.544096 
   0.256125  0.101367 
  -0.885978  -1.40364  -1.22922  -1.10967 -0.0667231 0.00891283  0.191165 
   0.114759 0.0424786 0.0666117  0.357246 -0.276181 -0.513509 -0.604701 
  -0.236932 -0.282107 0.0344593 -0.228682 -0.235198  0.446605  0.790407 
   0.464432 0.0982976  0.476572   1.39417   1.23587   1.57112  0.107117 
  -0.102602  0.184919  0.578943  0.686969   1.56209   1.78882   1.89571 
    1.44447    1.4506 
    1.15191  0.718314   1.22933 -0.0188655 -0.137225  0.146189  0.565598 
   0.726292   1.49655   1.88595   1.84077    1.6131    1.5506   1.08952 
    1.04514  0.299376 -0.0816708  0.326908 -0.283726  -0.51762 -0.733307 
  -0.617872 -0.489313  0.493246  0.292016   1.02689   0.40739  0.207839 
   -0.30916 -0.633284 -0.714738 -0.592019 -0.755684  -0.85341 -0.159243 
  -0.555496 -0.176836 
  -0.169263    0.4992 -0.117323 -0.134789 -0.779452  -1.03906  -0.98557 
  -0.750768 -0.732041  -1.12884 -0.106212 -0.484931 -0.206687 -0.278041 
  -0.262264 -0.469225 -0.205268 -0.256846 -0.647422 -0.425728 -0.301827 
   0.386879 0.0614946  0.231384  0.975365   1.17448  0.678629   1.56111 
    1.86875   1.87829   1.12004  0.180007 -0.0317624  0.237997  0.406694 
   0.402252 0.0197113 
   0.977755  0.876802  0.190743  0.625852    1.5373   1.82036  0.949231 
   0.110968  0.207854  0.187744 -0.0670559 -0.189576 -0.283272  -1.09232 
    0.61693   1.20044   1.45825  0.227431 0.0689177 -0.623799  0.550186 
   0.596807   0.56916  0.777542 -0.220955 -0.211808  0.730413 -0.00999174 
  -0.289348 -0.296511 -0.655588 -0.557953 -0.590723 -0.511505  -1.31072 
   0.147361  0.256744 
  -0.446993 -0.857006 -0.280778 -0.801127 -0.692114   -0.4049 -0.479123 
  -0.413444 -0.518216  -0.35194  -1.28391  0.434131  0.380378  0.459312 
   0.498899  0.843015  0.967307   0.69717  0.368451  0.176782  0.228424 
  0.0900712 -0.386968 -0.544717 -0.936527 -0.584803 -0.487896 -0.607562 
  -0.771556 -0.736633 -0.262227  0.285094  0.484852   0.68755  0.970116 
   0.900165  0.335805 
  -0.689164 -0.857811 -0.784566 -0.910365  -1.01483 -0.900786 -0.345996 
  0.0182313  0.775637   1.14471    1.1135  0.989502  0.355832  0.224329 
  -0.124569 -0.0812457 -0.285501 -0.340435 -0.550113  -1.26158  -1.53715 
   -1.90122   -1.7245 -0.0719267  -0.58593   -1.0196  -1.49883  -1.48068 
  -0.908689 -0.470388 -0.197839   0.26186  0.426672  0.883258  0.846585 
   0.340676 0.0207085 
   0.077725 -0.716061  -1.34895  -1.16431 -0.568605 -0.0614303  0.153384 
    0.52898  0.693566  0.367795  0.395909 0.0724327 -0.176589  0.382659 
  -0.0319117 -0.498442 -0.965742 -0.895758 -0.647869 -0.491562 -0.866536 
   -0.72688  -1.65928  -1.77304  -1.11515  -1.58665 -0.670228 -0.591046 
   -1.23166 -0.872046 -0.369912 -0.237949 -0.278282 -0.172548 0.0929688 
   0.553254 -0.171982 
  -0.612759  -1.43729 -0.120929 -0.0787854  -1.20557 -0.906842 -0.498972 
  -0.308995 -0.167354 0.0925044  0.685013   1.59669  0.576927 -0.385224 
   0.121941  0.563875   1.19206   1.19238   1.43828  0.592129  0.653004 
    1.40586    1.3835  0.776417   1.21534  0.637885   1.05257   0.50791 
   0.498937  0.417018  0.965488    1.3174  0.348085  0.340904  0.555517 
   0.429587  0.252116 
   0.797314  0.153709   0.90795  0.387995  0.371654  0.174137  0.751944 
    1.15332 -0.180524  0.194306  0.428158  0.459985  0.466659    0.3624 
    0.27575  0.254084  0.217555  0.323223 -0.351404 -0.798351 -0.780635 
   -1.15601  -2.00564  -1.71325  -1.64816  -1.70753  -1.15209 -0.542222 
   -0.82152 -0.485778 0.0639279  -1.31118  -1.82111  -2.44369  -2.43588 
   -2.59405  -2.81502 
    -1.4696  -1.45582  -1.05162  -0.63607 -0.980568 -0.513767   0.51979 
  -0.880496  -1.18776   -2.2877  -2.41615  -2.61331   -2.7633  -3.19283 
   -3.31527 -0.931075  -1.14681  -1.70796   -2.0193  -1.49928  -1.03992 
   -1.52455  -1.61977  -1.51123 -0.166963 -0.0140201  0.460951  0.892465 
   0.388217  0.568574  0.738571  0.700491  0.398502  0.248614 -0.0103356 
  -0.0602728 -0.322078 
   0.055815 0.0183727  0.201797  0.221308 -0.227737  0.199451  0.940498 
    1.01652  0.410818  0.436704  0.149519  0.242124   0.17388  0.239088 
   0.217775 -0.342735 -0.652467  -1.57834  -1.46398  -1.34752  -1.31604 
   -1.28671   -1.2108  -1.54959  -1.47678  -1.27879  -1.11204  -1.42925 
   -1.08746 -0.351351 -0.0623421 -0.0609199 -0.131382 0.0479347  0.191937 
   0.202432  0.152986 
  -0.842016 -0.837122 -0.759321  -1.36176  -1.48057  -1.21294 -0.843341 
  -0.675149 -0.681867 -0.209166 0.0772996  0.249386  0.274794  0.135569 
   0.164545  0.189162 -0.230374 -0.590033 -0.762563 -0.762652  -1.14321 
  -0.814283 -0.501729 -0.414563 -0.281456 -0.642884 -0.584303 -0.520681 
  -0.188237 -0.103821 -0.0921048 0.0644131 -0.412774 -0.230668  0.116623 
   0.157175 0.0623421 
  -0.339601 -0.954362 -0.946406   -1.0609  -0.86864 -0.662251 -0.592778 
  -0.808241  -1.01465 -0.762617 -0.516981 -0.756148 -0.943314 -0.897058 
  -0.0495676 -0.274343  -0.80659 -0.226982 -0.512853 -0.257577 -0.249983 
   0.023164  0.274663 0.0598927 -0.413117 -0.752137 -0.853252 -0.080675 
   -1.09605  -1.73421  -1.52929  -1.08247  0.032183 -0.536131  -1.34928 
  -0.373944 -0.152334 
   -1.36384  -1.55707   -1.6046  -1.05603  -1.65698  -1.90369  -1.50045 
  -0.994597 -0.287173 -0.865339  -1.77212 -0.781986 -0.148852  -2.35257 
   -2.36563  -1.76799  -1.29588  -1.51061  -1.01648  -2.56941  -2.08766 
   0.434598   1.53346  0.399419 -0.356269   1.67049  0.974672   1.02674 
   0.309391 -0.216868 -0.213608 -0.384131 0.0543432 -0.630499  0.659903 
    1.67651   1.43135 
  -0.241536   1.11007  0.336131  0.575264 -0.00663079 -0.00510562  0.161763 
  0.00150931 -0.0077241 -0.820181  0.180163    1.0922  0.935966  0.777629 
   0.571326  0.410299  0.698237  0.923663 -0.684751 -0.929532  0.136681 
   0.495728 0.0311474 -0.632096 -0.163301   -1.0422  -1.04148  -1.22829 
  -0.925147 -0.731012 -0.398953 -0.670004  -1.38251  -1.42425  -1.59784 
   -1.50714   0.35609 
   0.299865 -0.557683 -0.0572625 -0.162158  -0.36414 -0.562722 -0.399659 
  -0.955325   -1.8763  -2.02193  -2.33026  -2.35148 -0.356212 0.0562023 
   0.763153   0.55001   1.18763   0.53182 -0.300555 -0.136812 -0.371603 
  -0.185517 -0.974708  -1.46788  -1.26288 -0.678826  0.672924  0.481128 
   0.045133 -0.445141 -0.191483  0.534294  0.646318  0.998833   1.28096 
   0.932277  0.465422 
   -1.45359 -0.967372  0.466375  0.208804 0.0607339 -0.219966  0.085611 
   0.719188  0.423769  0.776058  0.938632  0.573726  0.296493 -0.582198 
  -0.426137 -0.301945  0.409232  0.941022  0.661359 0.0478261  0.420887 
    0.10047  0.768861   1.05881   1.22827    1.5005 -0.104433 -0.0553732 
  -0.0809763  -0.75137  -0.35274 -0.932212 -0.409419 -0.143524 -0.723931 
  -0.346604 -0.114779 
   0.339547  0.682259 -0.603111 -0.421297 -0.103579 -0.422558  0.154905 
  -0.570212 -0.472672 -0.438692  -1.35607  -1.06853 -0.916658 -0.192846 
  -0.107291  0.138384 -0.0654918 0.0420474 -0.150423  -0.33648 -0.564668 
  -0.0476792 -0.464327  0.273661 -0.175602  0.554276 -0.202343    1.5632 
    1.73738 -0.539135  -2.36098   -1.4195 -0.557811 -0.00857164  0.137207 
   0.419036  0.299106 
  -0.191723 -0.414783  -1.43976  0.460412   1.73914 0.0804451  -1.89213 
   -1.83087  -1.45928 -0.839483 -0.609683 -0.115139 -0.195471 -0.643576 
   -1.30807  -0.52213 -0.746171  -1.06581  -1.19846  -0.52513 -0.539197 
   -1.22434 -0.829272 -0.393664  0.562807  0.307053   1.81838   1.68617 
    1.20764   1.29777   1.95369   2.07284   1.12508    0.4729  0.756019 
   0.782683    1.2229 
     1.8849  0.477368   1.54021   0.78859  0.507936   1.42071   1.83166 
    1.50316   1.20907  0.760768  0.703036  0.125271  0.461831  0.141051 
  -0.0360762 0.0133258  0.261873   1.05301  0.286403 -0.301595  0.137542 
   0.444771  0.131474 -0.179079  0.369343 0.0618479  0.402816  0.225429 
  0.0129961   -0.2889  0.648842  -1.06321  -1.56108  -1.85732  -1.90955 
  -0.507939  0.327445 
    0.15474 -0.739636 -0.704708 -0.0920483 -0.287133 -0.262908  0.720245 
   -1.09266  -1.49222   -1.9144  -1.80752 -0.143578  0.615506  0.159758 
   0.324908  0.103878   1.06726  -1.16179  -1.55183 -0.910654 -0.418409 
   -1.29626 -0.694004   -1.1164  0.395619  0.520777  0.424303  -1.23948 
  -0.879998 -0.459165 -0.0351438  0.126554  0.525817  -1.60231 -0.337817 
  -0.413717 -0.145304 
   0.446212 -0.107393 -0.145983   -1.1187 -0.580827  -0.26737  0.338432 
   0.630696   0.99623  -1.99733 -0.181526 -0.128763 -0.058948  0.179825 
   0.123635 -0.108383 -0.407715   0.38611  0.524357 0.0546036 -0.0284851 
   0.317547  0.617838  0.179042   1.00781   1.40812   1.10816 -0.176927 
  -0.748181   -1.9648  -1.14386 -0.440683 -0.258738 -0.00482533  -0.12404 
  -0.189354  -1.06869 
    0.36534  0.147899 -0.143406 -0.518716  -1.03296  -1.97877  -1.49394 
   -1.38276 -0.632811  0.146425 0.0262955 -0.098616  -1.18541 -0.352275 
   0.210592  0.483717  0.660086 -0.0297868 -0.738816  -1.07385 -0.894983 
  -0.626016 -0.158307 -0.0993675  0.349407 0.0407733  0.600649  0.367851 
   -0.57829  -1.55072  -1.17183   -0.7679  -1.38557  -1.14872  -1.08923 
  -0.668501 -0.642197 
   0.373697 -0.825991 -0.536139 0.0773085 -0.476659  -0.85103 -0.697923 
  -0.921106 -0.701095 -0.509057 -0.683029 -0.343339 -0.391485 -0.126316 
  0.0416159  0.454911  0.349279 -0.301897 -0.414985  0.836774  0.239509 
   0.559982   1.09915  0.425669 -0.0885847  0.549743  0.590935  0.593292 
    0.20474    0.6055 -0.0802363  0.556157 -0.0933772 -0.102503 -0.0657015 
  -0.122276  0.299694 
  -0.0731952 -0.000561694  -0.15931    0.0792  -0.14029  0.100695  -1.17614 
   -0.97802 -0.728145 -0.259978 -0.0843499 -0.277819   0.28146  0.219137 
  -0.293903 -0.129928  0.117601  0.205318  0.713608  0.638915  0.527099 
    1.20367   1.69732   2.39433   2.19105  0.950843   1.49628   1.30054 
   -1.90079   -3.3818  -2.71801 -0.954651 -0.701263 -0.489608  -0.65358 
  -0.538477 -0.234083 
    2.15475 0.0225622  0.252537  0.554223  -1.69008  -2.45347  -1.06201 
    0.30583 -0.252296 -0.0834478 -0.0498364 0.0697368  0.406523 -0.151003 
  -0.0844109 -0.198236  -0.14611 -0.412017 0.0316662 -0.0750152  0.215747 
   0.567476  0.559101   1.18463  0.854655  -0.61226 -0.105074  0.364569 
  -0.655411  -1.04408  -1.26228 -0.260824 -0.348935  0.144383  0.534543 
   0.415041  0.244285 
   0.735953 0.0120378  0.406106  0.365499 -0.480279  -0.24585  0.644924 
  -0.0234724 -0.300349  0.340704  0.439124 0.0295865 -0.0736371  0.704287 
   0.288875 -0.789641 -0.444644  -1.74869  -1.99461  -2.38479     -9999 
   -2.38704   0.38995 -0.981173   -1.8439 -0.238563   1.90164  0.671846 
   0.849119   3.32182    1.0326  0.855365  0.151436 -0.212165 -0.193587 
  -0.352364 -0.229441 
   -1.21937  -0.61549  0.912031 -0.281335 0.0219481  0.702767 -0.898581 
  -0.395617 -0.372058 -0.404728 -0.0104191 -0.280457 0.0418571 -0.240587 
  -0.0150904  0.739396   1.12494   0.94264   1.39895  0.614334  0.703804 
   0.550459  0.897482  0.788321   1.04069   1.08098   1.65361   1.59699 
    1.44199  0.875989  0.288737 -0.260155   -0.4285 -0.295978  0.164659 
   0.780256  0.555219 
    1.60277   1.70922  0.202729  0.245409  0.901106  0.329346 -0.0686549 
  -0.307144 -0.481688 -0.706501 -0.703786  0.154426 0.0979414 0.0775221 
  -0.109776 -0.388883  -0.25244  0.586906   1.46019  0.228712 -0.804487 
   0.330927  0.112203  0.572265   1.78266   1.49248   1.46135   2.54378 
      -9999   1.59035   3.17475  0.808205 -0.320794  0.463673  -1.87716 
   -2.44213  -2.38031 
    2.12426     2.414   2.17803   2.13184   2.48585   1.18475   3.16098 
    1.14952  0.638152   1.52653 -0.745158  -1.43516  -1.27815  -2.44338 
   -2.85533  -2.32982  -2.35647  -2.84603  -1.99608  -2.48306     -9999 
   -3.13492  -2.88544     -9999     -9999  -3.09847  -1.69609  -0.17041 
  -0.276676 -0.593423  0.163019  0.788414 0.00618787 -0.865164 -0.297497 
  -0.589678 -0.551025 
      -9999  -2.44617 -0.557205  -0.24723  0.970236   1.02865  0.174603 
    1.07542 -0.237337 -0.339743  0.954485  0.312069  0.510778 -0.406931 
  -0.623834 -0.298964 0.00910348 0.0709128  0.118141   0.22106 -0.386561 
   0.734538  0.539192 -0.224974     -0.35 -0.703915 -0.217228    0.5419 
   0.593719   1.45082   2.59223  0.608052 -0.553522  0.466175 0.0587343 
   0.347125 -0.142123 
   0.074375 -0.574161 -0.736452 -0.317527 0.0658988   1.07011   1.21125 
  -0.873636  -1.92317 -0.413231 -0.464833 -0.109037 -0.500234 -0.533428 
  -0.557304 -0.384343 -0.324488  -0.26458 -0.271101 -0.329758 -0.441684 
   0.461058  0.620553  0.915775  0.316339  0.203345 -0.0451524 -0.0877227 
   0.593695  0.752826   1.10494  0.984105   1.28417  0.733145 -0.289415 
   0.978008  0.285685 
     1.0842  0.165097 -0.472048 -0.556556  0.661961   1.30144   1.61891 
   0.506236  0.944114  0.466547 -0.681349  0.710237  0.252266  0.191516 
   0.017913 0.0937237 -0.0314436 -0.0975608 -0.329284 -0.337368 -0.614941 
   0.155365   1.08134  0.494045  0.227941  0.835624  0.666532 -0.923921 
   -1.06177  -2.08588  0.521677  -1.39817  -2.47459  -0.21934 -0.365691 
  -0.322323  0.298615 
   0.225197  0.674123  0.323563  -1.15161  -1.34673  -1.99073 -0.179901 
   -1.62355  -2.41912 -0.435301 -0.636506 -0.685777  0.354477 -0.198889 
  -0.566716 -0.732732 -0.849785 -0.267322 -0.740131 -0.909287 -0.672394 
  -0.126571 -0.226546 -0.987056  0.109816  -2.32329 -0.658563  -1.14987 
    -1.2219  -1.89719  -2.29543  -1.52789   -1.3573   -1.4024  -1.42751 
   -1.10358  -1.13088 
   0.737276  -2.13217 -0.915998  -1.48751 -0.102919 -0.764499  -1.21425 
   -1.22207  -0.93816 -0.917913 -0.805924 -0.458127 -0.436602 -0.00751642 
  0.00960072 0.0811173  0.288813  0.541885  0.844987  0.567347 -0.222728 
    1.15969   1.19811   1.07268  0.947797   1.91903   2.01232   2.14982 
   0.976375  0.652317 -0.840365 -0.230065  -1.14524 -0.317776  -1.57019 
   -1.88565  -1.11831 
   0.897543   2.04795   2.21781   2.22169   2.36449   1.19439  -1.00044 
  -0.260268 -0.958724 -0.371168  -1.84916  -1.95127 -0.515697  0.823917 
   0.312107 0.00126682 0.0613804 -0.555019 -0.259131 -0.196233  0.728984 
    1.48929   1.63936  0.959077  0.621259  0.306914  0.275695  0.288488 
  -0.491343 -0.537565 0.0337672   1.16027   1.01854   1.07083   1.08452 
   0.986761   1.27648 
  -0.129407 -0.319464 -0.249775  0.322217 -0.516167 -0.687345 0.00354513 
    1.21584   1.05696   1.31597  0.995697  0.959415   1.69258   1.24583 
   0.747426  0.483252 0.0117653  0.169009 -0.235655 -0.488463 -0.442296 
   0.201781  0.713287  0.130152   1.03591  0.803712  -1.04465 -0.632786 
   -1.15481  -1.02062   1.05369   1.66108  0.866784 -0.131467 -0.140435 
   0.078612  0.232759 
    0.31128 0.0643423  -1.90016   -1.1379   -1.4797  -1.16012  0.491577 
   0.941304 -0.0466696 -0.412385 -0.547539 -0.171168 -0.136448 0.0268679 
  -0.422275 -0.185661 -0.0512511  0.474195  0.507559  0.389033  0.162796 
   0.122428 -0.185891 -0.330958 -0.315354 -0.244988  0.142758  0.116487 
   0.475556  0.656285   1.60556   2.13082   2.33601    1.6825   1.80862 
   0.976021  0.272245 
  -0.394846  -0.29524 -0.106276  0.195483   0.74436  0.587597    1.5471 
    1.94484   1.64804    1.2564   1.22124  0.390363  0.216788 -0.154041 
   0.548501  0.831083  0.255521 -0.102949 -0.401859  -1.46153  -1.11304 
   -0.54766  -0.39862 -0.133304  -0.43963  0.395433 -0.448815  0.348475 
   0.262836 -0.186203   1.15247  0.225975 -0.274702 -0.218503 -0.777982 
  -0.164328  0.216626 
  -0.360465 -0.172268  -1.31188 -0.348919 -0.032777 -0.188551  0.504699 
  -0.210499  -1.02333  -0.60897 -0.773971 -0.377526  0.146819  0.134099 
   0.701976  0.952589   1.27821   1.03474  0.922887  0.972559  0.885251 
    0.82021  0.684911 -0.402469 -0.656373 -0.769964 -0.347826 -0.602368 
   -1.04108   -0.3504  0.473047  0.717368  0.201149  0.532256  0.572045 
  -0.437244  0.122776 
  -0.358313 -0.581435 -0.116049 -0.304043 -0.821151 -0.372022  0.135858 
   0.550531  0.367714 0.0717018 0.0273124 -0.105146  0.268907  0.387811 
   0.588773  0.708362  0.784176  0.387033  0.235534 -0.233671 -0.150249 
  0.00913276 -0.0131304 -0.293112 -0.707579 -0.708463 -0.347225 0.0447089 
  0.0883732 0.0538534  0.134309  0.682388   0.67518  0.167666 -0.099103 
  -0.593552 -0.814952 
  0.0420773 -0.276304 -0.250219 -0.0100821 0.0273459 -0.0522851  0.143987 
    1.12433    1.4325  0.808199  0.321384  0.157613  0.119415  0.449832 
   0.372497  0.172397  0.107691 -0.292687  -1.06685  -1.13848  -1.59338 
    -2.4629  -2.26595  -1.38755  -1.94043 -0.924945  -0.42978 -0.0442877 
  -0.286725 -0.501303 -0.689598  -1.14574  -1.21348  -1.39598  -1.49729 
  -0.923157 -0.406104 
  -0.882333 -0.706041 -0.380763 -0.570021 -0.563211 -0.258283 -0.233557 
  -0.908097 -0.464963 -0.226783  -0.46362 -0.474879 -0.479086 -0.519776 
  -0.356356 -0.497974  -0.26329 -0.115571 -0.391584 -0.284771  -0.21948 
  -0.256195   0.26825  0.659087   1.04508  0.732422   0.74951   1.75014 
     1.1614  -0.34324  0.742258  0.340756 -0.401812 -0.571634 -0.137963 
    0.26377   0.71287 
    1.46505  0.472111  0.347836   1.65643   1.34515 -0.261404   0.10105 
   0.492564 0.0694901 -0.154525  0.116339  0.429678   0.60062  0.421673 
  -0.263485 0.0797575  0.246957 -0.205669 -0.190658 -0.123251 -0.0884238 
   0.225317 -0.0335237  0.076036  0.637081   1.07912  0.421326   1.50496 
   0.942507  0.498998   2.40653   3.10365  0.266076 -0.0289165 -0.295626 
   -0.57672  0.352629 
   0.564783    1.3119   0.58555   1.26958     0.603    1.2426   3.11826 
    2.59276  0.296967 -0.875326  -1.44023 -0.654143 -0.197993  0.500929 
   0.643327  0.717153  0.494953   0.63206 -0.746235 -0.395414 -0.913164 
   0.106799  -0.19358  0.490132  0.462985 0.0866175  0.225369  0.166861 
  -0.297562   1.24649   2.27491   1.55416   1.78202  0.254905  0.296372 
  -0.0975909 -0.203756 
  -0.0722474 -0.336557 -0.314229 -0.520271 -0.182311  0.955449   1.41876 
   0.717168  0.820998  0.647093   1.68223  0.600058   0.58256 -0.0901552 
   -0.47138 -0.458208 -0.777802 -0.653215 -0.629126 -0.694685 -0.260709 
   0.186824 0.00515216 -0.162625  0.390658  0.228873  0.296575   -1.0506 
   -1.10092  -3.25269  -2.48905  -2.57994  -2.35157  -2.16368  -1.55684 
   -1.73556 -0.584396 
    2.37925   1.46258   1.42188  0.115926  0.368128 -0.443778 -0.950137 
   -1.23147 -0.642103 -0.464783 -0.947544  -1.44134  -1.21663 -0.891347 
  -0.450731 -0.651003 -0.598242 -0.349178 -0.548799 -0.822344 -0.582467 
   -1.05871 -0.549528  0.582442   0.89278    1.1942   1.60474    2.4188 
    1.31503  0.579248  -1.31325  -0.57204  -1.21963  -0.96368   0.93023 
    1.09631   1.40233 
   0.932033   1.41493   1.30812   2.61747  0.899966  0.881085   -1.3292 
  -0.573976  -1.59578   -1.7921   0.50453  0.522413   1.02206  0.680916 
   0.603229  0.832899   1.13532   1.19738  0.957528   1.01442  0.759987 
    1.09044  0.168696   1.27599   1.18146   2.16159   2.76045   2.35363 
    2.04478   2.82838   2.86238   2.15975   2.75093  0.162072  0.111787 
  -0.864745  0.366354 
    2.01427   3.10416   3.21572   2.04695   1.41009   2.21299     -9999 
      -9999   1.15959  -0.43782 -0.292368  -1.30075 -0.737278   -1.2148 
    -1.7971  -1.73247 -0.823736  -0.25786 -0.252806 0.0620539 -0.403691 
    0.51016  -0.18548 -0.546359 -0.411255    0.5017  0.803736  0.778276 
    2.43106     -9999     -9999     -9999   3.84579   2.00929  0.721672 
   0.266452  0.700105 
  -0.532364 -0.0581748 -0.0567627 -0.206043 -0.0441272 -0.376744  0.105675 
   0.807725   1.17925  0.801917 -0.110793 -0.298165 -0.0565705 -0.900946 
  -0.636631  -0.77358  0.195334 -0.354743 -0.652324  -1.31286  -1.27953 
   -1.31663 -0.574379 -0.446404 -0.173608  0.824849   1.66099   1.37932 
    2.09821     -9999   1.79556   1.02059   0.78232   1.08415   1.87047 
   0.704971   2.70354 
  -0.216835   0.19769 -0.0759204  -1.07559 -0.398669   1.23412   1.17509 
   0.702006   0.43349 0.0353338  0.614363 -0.285167   1.66198  0.915776 
   0.481995  0.649554  0.961912  0.963816   1.17115   1.01766  0.872816 
    1.19738   1.10065  0.578141  0.296745  0.394279 0.0908702  0.308379 
    0.88951  0.942479   1.02709   1.22257   1.33231   1.64169   1.60416 
    1.35834   1.28641 
   0.237258  0.186843 -0.00144812  0.251682  0.569032   0.50244  0.966554 
    1.02106    1.2408   1.37042   1.18066   1.35237   1.61423   1.14539 
   0.789237   1.04502   1.33792  0.947738   1.09555   0.89732  0.896279 
    1.44077   1.18953   0.99245  0.736505    0.7055  0.780573   1.01503 
   0.503699  0.221791 -0.0252855  0.117742   0.67775  0.790911    1.2066 
   0.882074  0.763412 
   0.664477  0.673223  0.532635  0.820135  0.675923  0.713187  0.665962 
   0.634043  0.728131  0.484542  0.675745  0.535577  0.676027  0.448019 
   0.874923  0.795715  0.242512  0.128612 -0.687586 -0.654882 -0.689781 
  -0.802034 -0.533567 -0.123516 -0.703947  0.183473   0.85542  0.572208 
   0.589402  0.530878  0.547933  0.849211  0.923445   1.07733  0.731485 
   0.259842  0.168269 
  -0.197442  0.358325  0.670203  0.416906  0.987748  0.999711   1.07728 
     1.3361   1.18368  0.679754   0.13059 -0.00261903  0.134074  0.157486 
    0.31038  0.202613 0.0459001 -0.0423775 -0.174591 -0.484354 -0.772655 
   -1.20341 -0.802521  -1.16278 -0.546386  -0.65009 -0.043812 -0.290738 
  -0.966931  -1.60137  -1.17451  0.312095  0.279767 -0.260042 -0.276762 
  -0.113293 -0.858795 
  -0.250616 -0.690549 -0.104174 -0.417007 -0.486386   -1.2823 -0.861096 
   0.787979  0.474199 -0.548315 -0.678416 -0.0859237 -0.514463 -0.340721 
  -0.404943 -0.105701  0.672013  0.741494   1.12795  0.827303  0.707294 
   0.830579   1.17501 0.0533767 -0.172662 -0.407687  0.285787  0.885611 
   0.316155  0.802874  0.563537  0.540221   0.42729  0.936616  0.942295 
   0.521731   0.35002 
   -0.55321  -1.12523 -0.277499  0.638359  0.502988  0.564654 -0.100095 
  -0.114868  0.284195  0.568007  0.560705   0.54298  0.729218  0.710109 
   0.132328  0.248145  0.803383   0.53964  0.854928  0.479333 -0.461946 
  -0.740997 -0.356466  0.482026    0.2491  0.670095   1.55111  0.906392 
  0.00193736 -0.552146 -0.912306 -0.955012 -0.868934  -1.71078   -1.5435 
   -1.76999  -1.53774 
   0.850133   1.12845   1.28237 0.0511861 -0.953471 -0.734877 -0.862293 
  -0.726816 -0.722729  -1.70972  -1.53818  -1.83544  -1.75563  -1.25239 
  -0.104614  0.669338  0.299887  0.263608  0.701181   1.07698   1.11794 
    1.21951  0.893654   0.20229 0.0206617 -0.0676926  -0.21287 -0.112207 
  -0.630897 -0.704023 -0.591885 -0.440393 -0.400873 -0.023383 -0.415308 
  -0.204357 0.0700603 
  -0.0247067 -0.166077 -0.481308 -0.247737 -0.195532 -0.469688  -0.10691 
  0.0704629  0.383912  0.826812  0.908639   0.84807   1.14819   0.85218 
    1.01279  0.900715   1.06621  0.928104   1.09684   1.13517   1.20154 
    1.15009  0.973242  0.429561  0.400027  0.218244   0.34117  0.217946 
   0.215984  0.298447  0.993654   1.34115   1.25149  0.925919 -0.338719 
  -0.301661 -0.580428 
   0.515799  0.546006  0.712667  0.585137  0.939968  0.346112   1.04863 
    1.68369   1.87805   1.63962 0.0327132  0.154201 0.0855708 -0.758934 
  -0.240311 -0.210509  0.252745  0.391514  0.497843  0.271074  -0.27438 
  0.0850519  0.232441 -0.294801 -0.034447  0.141914 0.0218036 -0.00595486 
  -0.409208 0.0564643 -0.159617  -0.31526  0.470755  0.687192  0.722333 
   0.241004  0.352568 
  -0.416499 0.0129252 0.0430134  0.150129  0.127671 -0.106685 -0.437802 
   -0.34232  0.306739  0.262521 -0.0800751 -0.399805  0.508561 -0.185046 
  -0.428156 -0.0430465 -0.176326 0.0136699  0.380573   0.87003   1.60335 
   -1.24243 -0.970346  -1.12203  -1.46172  -1.07576  -2.09489 -0.890265 
   -1.01326  -1.44811 -0.827368 -0.482364 -0.484654 -0.175575 0.0443631 
  0.0111221   0.26406 
   -1.76904  -1.04102  -1.76848 0.0898453   0.96203  -1.30387 -0.723705 
  -0.324317  -0.32241 -0.185907 -0.231315 -0.112425   0.36652  0.306572 
   0.276319  0.723701  0.595724  0.807616  0.477478  0.651356  0.907218 
   0.765194  0.957571  0.585489  0.808061  0.169945  0.350112  0.440375 
   0.382413  0.491121   0.51983  0.336805 -0.0813479  -0.62788  -0.54828 
  -0.601928 -0.923875 
    1.41062  0.233042   0.61937   1.31399   2.53218   2.29071   0.88988 
   0.586883  0.476384   0.24533  0.291673  0.420489 0.0179824 -0.360024 
  -0.822633 -0.857417 -0.960823  -1.18617  -1.40872  -1.48961  -1.57507 
   -1.71669  -1.89773 -0.101719 -0.156661  0.312643  0.296922   0.56345 
   0.300547 0.0181617 -0.0545283 0.0267616  0.404853  0.430636  0.684972 
    1.02226  0.585498 
     -0.319  0.444997  0.186769  0.675865  0.963998  0.432653  0.115464 
   0.252618  0.890105   1.04098   1.35876   1.47374   1.19589    1.0037 
   0.617629   1.01634  0.525562  0.507163 0.0107856  0.193525  0.143627 
   0.641383  0.235167  0.692876  0.403087 -0.00805393 -0.0777308 0.0849464 
    0.19526  0.164361  0.447495  0.799759  0.858408  0.583096  0.682157 
    1.36827  0.877472 
   0.679225  0.186291 -0.277661 -0.212649  0.124331  0.298097  0.638968 
   0.698219  0.714459  0.496531  0.836315   1.08781   1.09266  0.281284 
   0.145251   1.02009  0.800687  0.381783  0.445857  0.647546   1.18101 
    1.06922  0.939654  0.657405  0.581728  0.429001  0.195534  0.824933 
   0.624789  0.359052  0.654463   1.29191   1.49126   1.06247   1.10295 
   0.394524  0.736193 
    0.66468  0.448445  0.190939  0.987278   1.01967   1.14668   1.38279 
    1.70201   1.86331   1.55008   1.82489  0.921473   1.63474  0.899072 
   0.472096  0.784674  0.745934   0.54621  0.301062  0.487443  0.615988 
   0.470556  0.452594  0.847833  0.382674  0.784383   0.85957  0.714329 
  -0.0656501 -0.212382 0.0573016  0.448728   1.10022   1.05701  0.667133 
   0.953727  0.615079 
   0.188502  0.826072  0.891467  0.792492  0.245606  0.423998   0.66595 
    0.91355   1.24293   1.19836  0.577545   0.55631  0.425747  0.311558 
   0.139584 -0.064019  0.373648  0.224965 0.0444175  0.118285  0.130516 
   0.116914 0.0208143   1.08743  0.971636  0.487019  0.129343  0.657951 
   0.590408  0.295598  0.153959  -0.39245 -0.969529 -0.819879   0.73028 
   0.908344   1.04461 
   0.514028 -0.179881 -0.468145  0.765893  0.868363  0.308575 -0.109815 
    -1.0883   -1.8231  -1.80041  0.120753   0.35195  0.897653   1.86308 
    1.37597 -0.356622  0.255285  0.504542  0.102096  0.321576  0.578009 
   0.385453 0.0817517  0.149669  0.636168  0.586867  0.424476  0.134139 
   0.124241  0.178454  0.589223    1.0376  0.665153  0.898495  0.792548 
   0.926415  0.915957 
  0.0839802 -0.235797 -0.474592 -0.296088 0.0749571  0.191362  0.746269 
    1.26737  0.952419   1.39595   1.23693   1.08311  0.932389  0.863722 
    1.05492   1.35927   1.13704  0.899841  0.847664  0.475437  0.769984 
   0.248975   1.26951   1.26941   1.16124   1.71214    1.4678  0.422014 
   0.443984  0.071356 -0.257418  0.127107 -0.0840446  0.269693 -0.354539 
   0.033642  0.263715 
   0.876677   1.47615   1.40171  0.411486  0.318681 -0.322774 -0.743457 
  -0.0619055 -0.452554 -0.0536551 -0.816953  -0.49845  0.257598 0.0885107 
   0.162692  0.260584  0.300466  0.507932 -0.188967 -0.366826 -0.167289 
    1.29531   1.45158   1.91898   1.97197   1.13656  0.905953  0.724983 
   0.542377  0.737874  0.944967  0.481689  0.205764  0.433192   0.46873 
   0.724052   1.15429 
    1.14938  0.522068  0.594016  0.741917  0.763917  0.801746  0.542898 
  -0.207267 0.000796338  0.364171  0.455467  0.738398   1.05302  0.927023 
   0.536813  0.604162  0.328678 0.0324081  0.486841   0.43134  0.499511 
   0.618451  0.433562    1.1528   1.75124   1.39118  0.657868  0.154935 
   0.182805  -2.58766  -2.47112  -1.95059  -2.07421 0.0278043  0.911611 
   0.988295   1.47374 
   0.569751  0.760787  0.595899  0.271402  0.409803   -2.3465  -2.39156 
   -1.93284  -2.14221 -0.343456  0.727691   0.86886   1.13623  0.990036 
  -0.342192  0.287108  0.817635   0.70714  0.671461  0.192307  0.353031 
   0.984653 -0.591008  0.299795 0.0208585 -0.0268952 -0.819027 -0.609412 
  -0.151824 -0.308815  0.214123 0.0536841   0.30053  0.564639  0.972124 
   0.319024  0.490019 
  -0.0930287  -0.14991 -0.938589 -0.687068 -0.180462 -0.394795 -0.0276896 
  -0.198515  0.139295  0.226407  0.260787 -0.0748187  0.388112  -0.44318 
  -0.550066 0.0161726 0.0311698  0.574958  0.504335  0.999906   1.23711 
    1.21062   1.37335   1.03604  0.680414  0.847439   1.88116   1.13722 
   0.372234  0.484274  0.983395   1.50144   1.29027  0.726386 -0.185888 
   0.225645  0.300826 
   0.367639  0.610371   1.94679   1.52446  0.945141  0.240068  0.522476 
    1.45137   1.52302   1.36342 0.0502238  0.303968   0.82918 0.0536324 
   -0.28804  0.139397 -0.027789  0.270239 -0.250572 0.0927518 0.0552133 
   0.691326  0.613793  0.963707  0.692696  0.679789  0.756737  0.154727 
  -0.403161  0.100346  0.948094   1.78016   1.56923   1.66888  0.502688 
   0.461299 -0.0381191 
   0.635472   0.76573   1.01569  0.500229 -0.0400617  0.391765   1.22914 
    1.93546   1.01275  0.776578 -0.248902 -0.0966768 -0.425067 -0.231766 
  -0.349317  -0.13871  -0.25577  -1.48135  -1.17872  -1.32214 -0.275441 
   0.464866  0.369418 -0.266979 -0.213854 -0.360995 -0.135339 -0.340254 
  -0.312852 -0.287839 0.0425891 -0.239445 -0.189496 -0.029777 0.0634522 
   0.170499  0.722084 
  -0.720952 -0.713212  -0.35598 -0.488209 -0.600532 -0.456225 -0.174978 
  -0.285242 -0.0858676  0.399344 -0.0803238 -0.275249  0.928642 -0.265768 
  -0.866962 -0.303729  -0.67321 -0.703385 -0.503684  -1.03251 -0.305879 
   0.468769  0.811372  -0.14803  0.209085  0.153475  0.840478 -0.153858 
  -0.103722  0.737098  0.876122  0.696516  0.725877   0.78404   1.01809 
    1.15414   -2.4206 
   0.499718  0.907162   1.51335  0.713269  0.991888   1.99642   1.41945 
   0.907338  0.932659   1.02292  0.862661  0.613156   -2.3768 -0.868128 
  -0.455403 -0.339947  0.298602  0.384956  0.757469  0.890533  0.948021 
    1.36744   1.32308 -0.204068  -1.36014 -0.451731 -0.134614  0.585012 
   0.917014 -0.944779  -1.43883  -1.65184 -0.419658 -0.0364538  0.137576 
   0.290217  0.555925 
    -1.3145 -0.423337 -0.0184508   0.94204   1.04891 -0.678808    -1.119 
   -1.41751 -0.562157 -0.116487 0.0522405 -0.102576  0.312043 -0.159529 
  0.0697835  0.469959  0.741198   1.09918  0.847559  0.622359 -0.184227 
   0.518005  0.382699 -0.172196  0.341668 -0.124915 -0.704854  0.420024 
   -0.63684  -1.58685  -1.68302 -0.876546  -2.21029 -0.230165   -0.2156 
  -0.192314  0.327079 
  0.0987673  -0.24745 -0.682566  0.685989 -0.0237551  -1.18716  -1.32441 
  -0.657157  -2.03475 -0.280286 -0.524194 -0.439545  0.468453  0.059926 
  -0.150381  0.313051  0.434466  0.239471  0.141693  0.345147  0.161488 
    1.47291    1.5096  0.392186 -0.818644 -0.398932   -1.0006 0.0469242 
     1.5776   1.85277   1.16534   1.08066   1.32547  0.796007   1.45355 
    1.64977    1.5436 
  -0.641387  -0.92031  -2.07807  -1.11983   2.33612   2.52209   1.64356 
    1.29778   1.46388  0.756854   1.44178   1.89707   1.99764   1.62935 
    1.04434   0.14524 0.0923501 -0.130137 -0.0477003 -0.0128252 0.0149529 
  0.0865506  0.482596  0.077526  0.746956  0.595253 -0.824283 -0.899297 
  -0.107348 -0.301511 -0.166636 -0.226024  0.225019  0.302163  0.885326 
    1.27158   0.59441 
   0.751117  0.235241  -1.33443  -1.32411  -0.32843 -0.227305 -0.113112 
  -0.509955  0.106573  0.256947  0.202375   0.45033 0.0724004  -0.40267 
  -0.364907 -0.516216  0.582178  0.545053  0.780478 -0.0149575  0.120525 
   0.267205  0.209489   0.10345   0.95372  0.762044   1.14479   1.18091 
    1.13431   1.10323   1.34068   1.27481  0.981763  0.910419  0.775218 
   0.907505  0.915346 
   0.601314  0.591112   1.05305  0.977092  0.369317  0.202893  0.502712 
    0.39758   0.18009  0.376597 -0.207102 -0.0451457   0.19026  -1.01252 
   -1.33699   0.12397 -0.590808  0.299117  0.365523 -0.0682397 -0.878216 
   0.270151 -0.0476831 -0.466234  0.415213  0.740601   1.00766  0.089677 
   0.396554  0.591975 -0.0966063  0.197677   0.92517   1.48498   1.18743 
    1.35392  0.101524 
   0.774255  0.947997   1.33313  0.374344  0.890207  0.448956 -0.433023 
  -0.168005  0.362409  0.754006  0.862166   1.78479  0.727902 -0.0677473 
   -1.10518  0.999334   1.64731   1.50081   1.06849  0.597038   1.25747 
    1.08038   1.43774  0.297178  0.321942 -0.159545  0.343484   -0.6251 
  -0.763297 -0.645784  -0.66057  -0.11656  0.452165  0.450716 -0.364303 
  -0.759574 -0.662672 
  -0.110378 0.0260106  0.520323 -0.486208 -0.179507 -0.0885423 -0.410823 
  -0.0564485 0.0982577 0.0248356 -0.497218    -1.037 -0.568303 -0.739057 
  -0.0400224 -0.364599  0.162513 0.0893381  0.269015  0.414825  0.204164 
   0.449626  0.349829  0.114297  0.180095 0.0415594  -0.73377  -1.58382 
  -0.656137 -0.696505 -0.226402  0.935128  0.863111   1.27596    1.4331 
    1.18059   1.60812 
   0.023455 -0.0177742  -0.60321   -1.2792 -0.297864  -0.32355 -0.271556 
   0.479864   1.04365   1.58718   1.30994   1.23664  0.772736   1.21238 
    1.13323   1.03898   1.08551   1.03055  0.951157  0.401845  0.269978 
   0.882106 -0.175822  0.325908  0.624817  0.426576   1.04271  0.485181 
  -0.072968  0.210294  0.779118   1.35907    1.5387   1.45575  0.876296 
   0.123653 -0.00864269 
  -0.310752 -0.173269  0.918352  0.347486 -0.303349  0.263589  0.931329 
    1.32572    1.4008   1.68446    0.8807  0.193663  0.589265  0.306643 
   0.260133  0.273983   1.15837  0.641867 -0.263812 -0.378596  0.499875 
  0.0466337 -0.0596488 -0.857911  -1.65926  -1.53328   -1.1478  -1.00116 
   0.050104  0.514931   1.16441   1.10617   1.02752   1.53049   1.09109 
    1.24296  0.535453
