-0.194031  -1.20291  -1.09624 -0.716277 -0.0876741 -0.403711 -0.803308 
  -0.468761 -0.905937 -0.904539  -1.24442  -1.28447  -2.09553  -2.12486 
   -2.47513  -1.99355  -1.61946  -1.75503  -1.42913  -1.03602  -1.77494 
  -0.558814 0.00688098  0.295871 -0.0577678 -0.554372 -0.458007  0.788237 
  -0.788243  -1.71138  -0.85938  0.348103  0.129534 -0.103098  0.241804 
   0.941166  0.854713 
  0.0376516 -0.484126 -0.127944   1.33488 -0.142982  -1.04836 -0.967947 
  -0.0759712  0.102492 -0.105029  0.470334   1.40457  0.967339   1.44653 
    1.05996  0.783802   0.83913  0.687341   0.48163  0.413673   -0.1765 
  -0.738547 -0.279051 -0.175947  -1.28351  -1.27722   0.50145   1.09869 
   0.938892 -0.181034  -0.33426  0.536086  0.246755  0.388613  0.220888 
   0.652844  0.816109 
   -1.18263  -1.35983  0.740823   1.47664   1.30187  0.122541 -0.546853 
    0.29521  0.494068  0.635694  0.800283   1.66799    1.8353  0.641235 
    0.75403 -0.405944 -0.879385  -1.33591 -0.900333  -1.68494  -2.60432 
   -1.94968 -0.570193  0.478661  0.972465   0.58641    1.4715   1.65822 
   0.505191  -1.28134  0.447167   1.15258   1.03876  0.571852 -0.461206 
    -1.3424   -1.2108 
  0.00134974  0.246056   1.15465   1.34309  0.695864  -1.11719   1.10558 
      1.394   1.08973  0.344512  -1.24082  -2.23675  -1.50173 0.0336553 
   0.510224  0.359587 -0.735501 -0.436365  -1.31312  -1.66988  -2.72474 
   -1.83294  0.189441 -0.415228  0.453948   1.67401 -0.0345236  -2.39727 
   -2.46368  -2.75382   -3.2258   -2.3713  -2.46274  -2.23742  -1.23118 
   -1.12296 -0.815874 
  -0.391791   1.64602 -0.406575  -2.52008  -2.44521   -2.5027  -2.53126 
   -1.79799  -2.16857  -2.36026  -1.08323 -0.798257 -0.0574467 -0.705627 
   0.300763  0.219003   1.06379    1.2139   1.47074   1.21926   1.07277 
   0.516806   0.32718   1.10489   1.62047   2.33479   2.81574   3.36149 
    4.07621     -9999     -9999   3.19289   1.67722  0.975767   1.78483 
    1.21797    1.9124 
    1.08148   2.18457   2.92278   3.34194   3.21688   3.39975     -9999 
    3.31087   2.13513   1.12892   2.38537   1.92421   2.74045   2.85045 
    1.93839   1.76085   1.27761   1.12706   1.14212   1.14759  0.842186 
  0.00528394 -0.146222  -0.18795 0.0868763  0.199442  0.719244  0.658525 
   0.482649  0.569715   1.06826    1.8821   1.99749  0.385573    0.2094 
   0.285572  0.925247 
  -0.0661733 -0.0115438 0.0670885  0.192786  0.073919 0.0602488   0.61375 
    1.52044   2.14734  0.806495  0.435391  0.246803   1.02291  0.983345 
   0.461581  0.227604  0.237566  0.519646  0.315319 -0.110361 -0.507297 
  -0.259649  -0.64098 -0.869905 -0.714714 -0.230222 0.0525213 0.0826424 
   0.379238  0.430609 -0.00322062  0.393277  0.800265   1.13243   1.39334 
    1.38882    1.5294 
  -0.694291 -0.356959 -0.277903 -0.307072  0.305492  0.470027 0.0057123 
   0.136749  0.069639  0.752377   1.13692   1.22502    1.3508  0.726957 
   0.365531 -0.168096  0.500674  0.683992  0.317009  -0.26129   -1.1597 
   -1.04009 -0.584323 -0.0376721  0.222647   1.09579  0.604294  0.916077 
  0.0487272  0.942333  0.918894   1.23785   1.62775   1.65315   1.74132 
    1.49325    1.9365 
  -0.164319  0.886937  0.426753  0.608731 -0.0325228  0.879647  0.799161 
   0.901143   1.01955  0.814759   0.89402    0.8154   1.25367   1.16414 
   0.737191  0.799988  0.350541  0.437266    0.7105  0.862191  0.501626 
   0.427564  -0.17944  0.502668   0.34049  0.524804  0.647355 -0.164627 
   0.156383  0.761292   1.07321   1.28635   1.86512   1.81705   2.33548 
    1.52702   1.62258 
   0.172513  0.343163  0.466897 -0.346023 -0.134966  0.362634  0.833675 
    1.11152   1.58531   1.23986   1.86997   1.28367    1.4032  0.749286 
   0.401828  0.502607  0.713305  0.899091  0.382314   0.29661  0.209584 
  -0.278003  0.247508   1.14207   1.24379  0.111978  0.210022 -0.0359025 
  -0.575323 -0.0292578  0.215083 0.0961416 -0.124902 -0.423685  -0.53636 
    1.05537   1.38572 
     1.2631 -0.0669311 -0.290044 -0.706454 -0.925794 -0.202477 -0.00541154 
  -0.607398 -0.229347 -0.122544 0.0469303   1.08114  0.693152  0.493735 
   0.914386  0.899804  0.938475   1.05294   1.20993  0.809684  0.130315 
  -0.0195477 -0.655447 -0.374694 0.0977191 -0.0401162  0.212109 0.0364472 
  -0.0650621   1.28564   2.02945   2.13159   2.04466   1.12149 -0.571755 
  -0.578821 -0.827892 
   0.311672  0.197107   1.10788   1.03877  0.529022   1.57007   1.90178 
    1.80593   1.76528   1.18409 -0.467281 -0.502247  -1.10028  -1.38598 
   -2.02593  -2.01347  -1.74723  -2.12773  -1.94354   -2.0552  -2.36723 
  0.0750014  -1.00714 -0.0485392  0.152224 -0.797219 -0.994269  0.186264 
   0.133301  0.265267  0.699706  0.970275   1.52796   2.01475   1.61056 
    1.46605   1.28432 
    1.31032 -0.388785 -0.475717  0.977139  0.863874  0.721139   0.97436 
    1.03374   1.40927   1.78527   1.34997   1.49996   1.41052   1.47388 
    0.86502   1.27707  0.991194   1.50429   1.13218   1.11335  0.631874 
    1.38774   1.00423  0.582838  0.483283  0.970487   1.05492  0.517318 
   0.951646 0.0620787   1.60978  -1.32964   -2.9154  -4.04411     -9999 
      -9999  -2.81998 
   0.520323  0.951199   1.01295  0.303148  0.426972 -0.626878   1.02369 
   -1.91044  -3.32388   -2.7355  -2.48439  -2.11758  -1.80772  -1.53732 
   -1.66229  -1.65271  -1.39762  -1.20552  -1.08054  -1.33083  -1.37757 
   -1.51073  -1.60347  -1.69805    -2.186 -0.991094 -0.512549 -0.385974 
  -0.344723 -0.436811  -0.15316 -0.152799 -0.268604 -0.133076 -0.616028 
  -0.169995 -0.833215 
   -0.95737 -0.892171 -0.974761 -0.886642 -0.769781 -0.636424 0.0859767 
  0.0558825  0.110928 0.0614342 -0.458909   0.44321 -0.128437  -0.94898 
   0.997438 -0.795601  -1.15306 -0.161669  -1.13246  -1.43333  -1.75926 
   -1.68839   -1.7159  -1.93347  -1.65672  -1.25304   1.64867   1.85636 
    1.37728  0.940413   1.94084   1.51609    1.2716   1.33676  0.282411 
   0.356747  0.872811 
   -2.97373  -2.44418  -0.40156 -0.452018 -0.459595 -0.547341   1.11458 
    1.21743   1.75641   1.40537 -0.340052 -0.00660801   1.09514   1.37161 
   0.688075  0.304421  0.696637 -0.231279 -0.487132 -0.903843 -0.681609 
   -1.19286  -1.04334  -1.53183 -0.00776825 0.0289263  -0.12899  -0.23271 
  -0.807088 -0.341107 -0.287277 -0.00571021  0.425594  0.677605  0.883531 
   0.701066  0.696037 
   0.796617   0.83575    1.2641     1.478  0.823621  0.919859  0.691536 
   0.646629  0.590235  0.867249    1.1419  0.889567  0.679957  0.365289 
   0.326758  0.435362  0.672792  0.843256   0.83688  0.596774 0.0976093 
  -0.493713 -0.0262053   1.15362 -0.0713077   1.31661  0.307141  0.889574 
  -0.271092  0.451831 -0.906741  -1.14196   0.23569 -0.267084  -0.37636 
  -0.312618 -0.016076 
   -1.15371   0.77398 0.00849626  0.863116 -0.624243 -0.136728 -0.943777 
   -1.43044   -0.2011  -1.16765  -1.17388 -0.658574 -0.220044 -0.482967 
  -0.501636 -0.0898952  0.330047 -0.0430931  -0.35719 -0.305157 -0.254451 
  -0.636431 -0.972306 -0.274114  0.318911 -0.762111  0.509133 -0.791643 
  -0.698715   1.01857   0.67087  0.608455  0.904547   1.41211   0.75183 
    0.80239   1.02683 
  -0.104042 -0.990749  0.364933  -1.00178 -0.745141   0.87453  0.828846 
   0.611305  0.775815   1.56639    1.2966   1.44047   1.51177  0.922914 
  -0.410247 -0.785496   1.34314   2.10241   1.73077   1.79782   1.03853 
   0.996455  0.743252  0.816181  0.401114    1.0393    1.0267   0.78784 
    1.21292   1.57208   1.97533   1.88618   2.02342   2.17986   1.48817 
     1.3117   1.02115 
    0.12957  0.702049  0.847983  0.764983   1.18692   1.49353   1.98019 
    1.75454   1.87157   1.51551  0.776845   1.05102  0.466643  0.596258 
   0.401556   0.62376  0.478223  0.964745  0.921343   1.09833  0.740517 
   0.509565  0.444602  0.520477  0.725959   1.76818   1.26164   1.49427 
   0.524187 -0.669527  0.253153   0.80259  0.951612   0.58995  0.100612 
  -0.382353 -0.202309 
    1.62931   2.33046   1.52969   1.74495  0.684634 -0.635292  0.478204 
    1.21375   1.31311   1.24582  0.888486  0.690112   1.16064  0.950722 
   0.741901  0.999531  0.415341  0.748444  0.387153 0.0877215  -1.21587 
   -1.29742  -2.23654  -1.55342  -1.13781  0.887878   1.59127  0.751086 
   -1.18282  -1.29185 -0.892635 -0.058366  -0.32434 -0.906523  0.275455 
   0.825762    1.3543 
   -1.31382   1.11299   1.80501  0.857167  -1.02261   -1.2133 -0.965784 
  -0.0620098 -0.291089 -0.990674  0.586486   1.31404   1.92091   1.62119 
    1.94104   1.79352   1.31112    1.3926   1.75623    2.0472   2.58887 
    1.59702   1.35002  0.999831 -0.668191  -2.05631  -2.45672   -2.3698 
   -2.43231  -2.10111  -2.01429 -0.897694 -0.128892   0.42715  0.392508 
    1.00843   1.22612 
  -0.711405  -1.23178 -0.566834  0.412371 -0.349887  -1.03246  -1.29427 
  -0.744017 -0.0928218  0.528788  0.493475   1.15291   1.42721   1.51262 
   0.521383  0.666363 -0.873292 -0.750292  0.477738  0.661354 -0.849328 
  -0.674575  -2.37561 -0.212601  0.832426   1.37281   1.50465   1.00064 
   0.338175  0.692744   0.48092  0.799736   0.10443 -0.607691 -0.848426 
  -0.933485 -0.778997 
    1.16483   1.57436   1.22476  0.468723 -0.0445849  0.316948  0.233651 
   0.393899 -0.127229  -1.10984  -1.20171 -0.945696 -0.566259 0.0456787 
   0.141894  0.259575   0.63137   0.97607   1.11808  0.496992  0.402249 
   -1.37498  -2.34042  -1.59417  -1.79809   -1.0734 -0.473984 -0.880958 
  -0.768656  -1.17001   -1.1801  0.149589   0.38703  0.363717 -0.151545 
  -0.206463 -0.391065 
   -1.82384   -1.3531  -1.34518  -1.53414  -1.48288   -1.8337  -1.55115 
  0.0709309   0.11432 -0.638158  -1.47975  -1.26834  -1.74689  -1.64098 
  -0.646775 -0.346857 -0.302311 -0.221509 0.0932368  0.489971  0.467728 
  -0.109843 -0.359205 -0.560367 -0.0251673 0.0309979  0.060591  0.441274 
   0.960058   1.08797  0.656723  0.547687  0.724888  0.387897  0.163058 
   0.401915   0.71441 
   0.331946 -0.0904264 -0.663052 -0.348168  0.498636  0.843585  0.709362 
   0.280568  0.248019 0.0450922  0.176315  0.905732    1.6326   1.25184 
    1.12151   1.05841   1.69352   1.38569    1.1956   1.13175    1.1553 
    1.07622  0.894432  0.363143  0.767261  0.676589  0.602868  0.478923 
   0.839865  0.814758   1.20939   1.04845  0.298323   1.03001    1.0049 
    1.02171  0.865072 
    1.10699  0.964753  0.850451  0.693167   1.37153   1.29293    1.6751 
    1.37682  0.563752   1.41838   1.24002   1.56591   1.27317  0.853404 
   0.245789  0.205273  0.841196  0.926086   1.17264     0.625  0.275204 
  -0.621774  -1.07574 -0.768246  0.081408  0.406202  0.947874   1.75067 
    1.47078   1.76955   2.10676   1.49163 -0.0425949   1.17518    0.2614 
   0.138911  0.735699 
  0.0260925  0.370047   1.14622   1.81754    1.4981   1.71781   2.39154 
    1.73904 -0.126472  0.604613 -0.659949 -0.516531  0.419481  0.870885 
  -0.782505 -0.885504 -0.133444  0.222198   1.13064 -0.425358 -0.941974 
  -0.373975  0.779984  0.939388   2.27929   1.90409   2.18862   1.57398 
    1.47566   1.32211    1.3712  0.599758 -0.425503   -0.8695  -1.00709 
   0.450097  0.720022 
    1.44038   1.32443   1.61097   1.18347   1.41881    1.3517   1.41369 
   0.685998 -0.161044  -1.08172  -1.32113  0.966696   1.65577   1.59153 
    1.75621  0.898047  0.228787    1.7597   1.09625  0.997459  0.192747 
   -1.12706  -1.20196 -0.144904  0.597433   1.87195   1.68254   1.94932 
    1.51919  0.383882 -0.026377 -0.0790195 -0.527898 -0.155665  0.211687 
    0.17316 -0.0863185 
   0.580591   1.24412  0.994427   1.57518   1.16447 -0.139515 -0.331616 
  -0.0515687 -0.465748 -0.173759  0.468883  0.724911  0.722206  0.211668 
   0.378385   0.84947 -0.109841 -0.475699 -0.496052 -0.354058 -0.338061 
   -1.41427 -0.974829   1.94195   1.40218   1.02156   1.76703   1.10001 
    1.43412   2.21452   2.15443   2.24891   2.25679   1.65803  0.931553 
    1.58063   1.60241 
    1.61441   1.52342   2.45711   2.01024   2.08404   2.58222   2.81558 
    3.14169   2.73264   1.75723  0.850174   1.57909   1.18565   1.07611 
   0.612913  0.708218   1.02164  0.292637   1.05566   1.05632   1.89698 
    1.54237   1.40965   1.95194    2.3766   2.37749   2.38394   2.15285 
    1.49357     1.471   1.98666   1.40218   1.05449    1.3835   1.50722 
     1.3193   1.56501 
    2.45275   2.57701   2.85665   2.58123   1.93991   1.51559   1.93967 
     1.6026  0.896278   1.33498    1.6143   1.63364   1.65032   1.72957 
    1.41407  0.551777  0.772679   1.26958   1.24638  0.159517  0.762785 
  -0.406406  0.418514    1.9101   2.40829   2.37115   1.67682  0.675178 
  -0.659841 -0.200295  -1.16844  -1.30633  -1.04376 -0.953625  -1.08667 
   -1.50373  -1.56126 
    1.11826   2.08238   1.90057   1.10029 -0.852348  0.204778 -0.983651 
   -1.06143 -0.506081 -0.375332 0.0292218 -0.334693 -0.386177 -0.577825 
  -0.452123 -0.424314 -0.595617 -0.771017 -0.924622  -1.00728  -1.22449 
   -1.43394  -1.47872 -0.273316  0.194129 -0.391031   0.22981  0.279459 
   0.278212  0.701499   1.13631  0.956364  0.871947  0.200289  0.342478 
    -0.1122 -0.189062 
   0.250462 -0.595747 -0.326146 -0.251504 -0.0977322  0.383347  0.767059 
   0.701745  0.980177  0.731617  0.872384  0.567252  0.695792   1.37298 
   0.987902   1.05195  0.877533  0.967662   0.82253  0.690816  0.742888 
  0.0204521 -0.191696 -0.976546 -0.539197 -0.0775594  0.361156  0.797661 
   0.659063  0.851961  0.427758   0.45612  0.430051 -0.268985 -0.511931 
    -1.2299 -0.981673 
  -0.851627 -0.596823 -0.696228 -0.447083 -0.739466 -0.525129  -0.75278 
  -0.260463  0.285076  0.115665 0.0596814 -0.612797 0.0332908  0.652696 
  -0.495464 -0.518846 -0.437437 -0.215331  0.593426  0.660825  0.483065 
  -0.184487   0.25138 0.0321232  0.445155   0.92659  0.998969   1.34827 
   0.966351   1.29865   1.52286  0.104398 0.0838548 -0.562844  0.287597 
   0.630495   0.83928 
   0.130161  0.528931   0.63291  0.881584  0.714134  0.812116  0.738335 
  -0.295391 0.00851778  0.104372  0.641444  0.774822  0.808078  -0.82557 
  -0.446829   1.66293   1.57817   1.92398   2.11628   2.58545   2.65001 
    2.28886   1.50782   1.07998   1.08525  0.557536  0.111893 0.0014228 
   0.408517  0.771722  0.655528  0.837427   1.12033   1.90977  0.957645 
   0.216657  -0.33182 
   0.582524 -0.156334 -0.623322 -0.312776  0.224689  0.526874  0.655786 
   0.914779  0.803067  0.842297  0.114963  0.352172 -0.395247  -1.01538 
   -1.13134 -0.567241 -0.491745 -0.648184 -0.696348 -0.312494 -0.963294 
   -1.73059 -0.334684 -0.329584  0.584013 -0.134712 -0.270875  0.374354 
   0.535814  0.805184   1.16564  0.948581  0.507343   1.82843  0.925369 
   0.703159 0.0499314 
   0.660822 0.0330884 -0.302363  0.181315  0.400684  0.733412   1.55373 
    1.56864   1.14152   2.00534   1.37602   1.73842  0.973909   1.23953 
    2.04366   2.06877   2.13234    2.7251   2.85165   2.66801   2.77443 
    2.37053   1.81244   1.09399  0.490412  0.965068  0.965284   1.24449 
     1.6849   1.95982    1.8098   1.91269   1.72705   1.17114   1.05453 
    1.24343  0.803857 
   -0.78838 -0.263047 -0.883253 -0.966835 -0.0381576   1.26986   1.53849 
    1.58018   1.16339 -0.116759 -0.0667358  0.183668  0.120856  0.347185 
  0.0190402  0.241012 -0.464104 -0.983914 -0.894981 -0.176293  -1.29569 
   -1.64314  -1.13092  0.380018  0.537297  0.865545  0.829029  0.372809 
    1.15329   1.36031   1.84549    1.6691  0.212979   2.12439    1.6719 
   0.778383  0.564873 
   0.356295  0.837348  0.976964 0.00898484    1.0066   1.01879   1.06226 
    1.13951  0.253468   2.39596    1.7165  0.760872  0.246733  0.602989 
   0.166425 -0.215314 -0.181319  0.944006  0.958179 -0.309307   1.08417 
   0.919828  0.804562  0.478702  0.157921   1.52741   1.00364    1.2784 
   0.867287 0.0309729 0.0223314 -0.925477  -1.27802  -1.41872  -1.17124 
   -1.31711  -0.98376 
  0.00837912  0.903461   0.73432   1.28896    1.3068  0.458786 -0.0119306 
  -0.830307  -1.45413  -1.86923  -1.79702  -1.87756  -1.50277  -1.45008 
   -1.50841  -1.47265  -1.52939  -1.17943  -1.26204  -1.48485  -2.14156 
   -2.42038  -3.19991  -1.59832  0.072402   1.89927   1.81291  0.942297 
    0.14071 -0.459236  0.809758  -0.94982  -2.16527  -1.24617  0.337016 
  -0.431802  0.480936 
   0.072402   1.89927   1.81291  0.942297   0.14071 -0.459236  0.809758 
   -0.94982  -2.16527  -1.24617  0.337016 -0.431802  0.480936     -9999 
      -9999     -9999     -9999     -9999     -9999     -9999     -9999 
      -9999     -9999     -9999     -9999     -9999     -9999     -9999 
      -9999     -9999     -9999     -9999     -9999     -9999     -9999 
      -9999     -9999 
   -1.78352  -1.44558  -1.97588  -1.30835  -1.70019  -1.69424  -1.74693 
   -2.07618  -1.34924  -1.56984  -1.20979 -0.938054  -0.48877 -0.361268 
  -0.339165 0.0849986  0.459849  0.491521    0.6194  0.958689  0.857318 
   0.807684  0.637423  0.401398  0.702568 0.0800877  0.703394   2.06962 
    2.48569   3.17151   2.53879   3.12826   0.50938  0.210094  0.631966 
    1.18995 -0.0156366 
  -0.552744 -0.309205 -0.287262   1.30479   1.50451   2.35951   2.20126 
    2.64051   0.42253 -0.111467  0.506128   1.27768 -0.271081 -0.253878 
   0.657652  0.669518   1.22787    1.4154   1.30641   1.04921  0.364502 
  -0.642768    -1.486  -1.61285  -1.91411   -1.9371  -1.50792 -0.599602 
   0.229223  0.339413 -0.156795  0.326985  0.167871  0.207743  0.294943 
  -0.835311 -0.789413 
   -1.59507  -1.92013  -1.60436 -0.753137 -0.141519  0.299376 -0.371922 
    0.47328 -0.0855475 -0.439756  0.120108 -0.846208 -0.756491  -1.29969 
   -1.30815 -0.744257  -0.83752  -0.49041 -0.440071  0.244194  0.689163 
   0.206333  0.399245  0.881225  0.519192  0.469039  0.490612  0.340197 
   0.593316  0.426575   1.16354   1.41129   1.28898   1.27823   1.51913 
    1.14617  -0.04199 
   0.605046    1.0431   1.16658  0.771144  0.892971  0.320562  0.738198 
    1.48293   1.98055   1.98808   1.94746   1.57696  0.371549 -0.794646 
   -2.41962  -2.47143  -2.58393  -2.69573  0.490097 -0.0147232  -2.01527 
   -2.61518  -0.99687  0.995075   1.71505   1.68981   1.79463   1.07483 
  -0.661858 -0.825405 -0.326765   -1.3284  -1.09571     -1.61  0.264295 
  -0.220982  -1.80474 
    2.52783   1.98205   1.92529   1.23924 -0.490853  -1.04554 -0.829076 
   -1.33288  -1.05075  -1.85028 -0.291567 -0.615684  -1.66339  -1.29604 
   -0.93428  -0.57753     -9999 -0.413276 -0.654107 -0.832944 -0.969866 
   -1.53254  -2.09219  -2.03694  -1.23422  -1.44102  0.753692 -0.145649 
   0.173311 0.0425649  0.479851   1.06783  0.818482 -0.0452811  0.039648 
  0.0680683  0.214085 
  -0.572104  -1.06575  0.904314  0.315078  0.759534  0.509293  0.604614 
   0.842751   0.96636  0.206271 0.0817732 -0.0388317   0.23318  0.282832 
   0.434129  0.664463  0.846246   0.84756  0.778252   1.00209  0.665884 
  -0.0171612  -0.61664 0.0645395    1.3205  0.875681  0.528354  0.271118 
   0.105181  0.151355  0.710086  0.488452  0.393072 -0.337959 -0.106114 
  0.0262517  -1.28962 
   0.680293  0.452169   0.76424  0.728054  0.230999 0.0308844  0.834934 
   0.742772  0.286608 -0.615846 0.0468726  0.100423  -1.65489  -1.41739 
  -0.964394 -0.621697 0.0293009  0.657125  0.705541  0.809487   1.59568 
    1.62939   1.59143   1.28259   1.03684  0.622081   1.15651   1.50653 
    1.74512   2.01722   1.41665   1.26552   1.76974   1.43241  0.503429 
   0.155785  0.337993 
    0.61165  0.545763  0.567134  0.834144   1.00533   1.53105   1.38257 
   0.707712  0.455846 -0.0939554 -0.492819  0.236511   0.23517   0.43649 
   0.662038  0.796068  0.683888  0.744097   1.12932   1.05492  0.734897 
    1.00817  0.292174  0.102408  0.360852 -0.188702  -0.46256 -0.405962 
  -0.295255 -0.227665 -0.445065 -0.500376 -0.696195 -0.416701 -0.116728 
  -0.000411093  0.097317 
   0.843693 -0.0389704 0.0345337 0.0873782 0.0291096 -0.191061 -0.353457 
   -0.53855 -0.470051 -0.306431 -0.162563  0.418827  0.253134  0.108964 
  0.0101784 -0.0777589 -0.296508 -0.290743 -0.216402 -0.418505 -0.0485963 
  -0.147824 -0.291429 -0.331837 -0.291285 -0.650336 -0.980714 -0.728004 
  -0.537502 -0.518296 -0.246446  0.406883  0.139414  0.433753  0.615113 
   0.783539  0.837902 
   0.214421  -0.57107 -0.607017 -0.299404 -0.260589 -0.441031 -0.595186 
   0.303007  0.489505  0.762143  0.808326  0.865263  0.815031  0.490295 
   0.629117  0.790931  0.530319  0.207495  0.692065   0.81465  0.761747 
    0.36519  0.532195  0.499822  0.606302   0.27787  0.235367  0.480477 
   0.218384  0.149403 -0.0400572 -0.0343104 -0.0373181 -0.162622  -0.36064 
  -0.905317  -1.12047 
   0.211854  0.170337  0.733894   1.62426   1.23661  0.843891 -0.195825 
  -0.442724 -0.779346 -0.558015 -0.713337 -0.914323  -1.15496  -1.05706 
  -0.264726   1.15827   1.78814    1.3818  0.333826 -0.213068  0.275647 
    1.00378  0.915643  0.393575   1.18532   0.19423 -0.314416  0.954638 
    1.14347   1.53521  0.886571   1.91799    1.6925   2.05924     1.846 
    1.71907   1.34529 
    1.49022  0.279759 -0.415712  0.993585   1.08412   1.21892  0.622642 
    1.26717   1.25313    1.0492   1.38493   1.80901   1.41346   1.61686 
    2.06339   2.06386   1.72997   1.25681   0.96243   1.10942   0.41024 
   -1.38032  -1.77273   -2.1845  0.745779  0.758664   1.03632   1.38327 
   0.652799  0.521147  0.851058   1.11047   1.65736   2.04319   1.60939 
    1.03213  0.815928 
   0.452516  0.312414  0.509288  0.761197 -0.0869317 0.0166137  0.542261 
   0.721044   1.65025   1.92133   1.17244  0.293175  0.049065 0.0180943 
   0.297843  -1.13394  -1.67683  -1.36128  -1.07485  -1.00672  -0.33493 
   0.579442   -1.4224 -0.819309 -0.146553 -0.0114689  0.595419  0.564313 
    1.07533   1.20265  0.961358   1.48474   1.16221   0.69852  0.679507 
  -0.226898  0.875475 
  -0.550815 -0.324099  0.269393   0.11251  0.559947  0.823975   1.20202 
    1.24277  0.557207  0.634013  0.371478 -0.784724  0.674033   1.00953 
   0.981118  0.870307  0.292837  0.465228   0.52984  0.349548  0.622099 
   0.153202 -0.184525 -0.450514 -0.341458 -0.293909 -0.356041 -0.087532 
   0.552655  0.654511  0.279939  0.675369  0.461435  0.416515  0.169964 
   0.210604  0.366099 
  -0.901296 -0.511355 -0.107462  0.340018  0.746567  0.452306  0.106103 
   0.498008  0.462711  0.459398  0.530863  0.601428  0.819321  0.625783 
   0.551525  0.245008  0.768286  0.487964  0.486774   1.13291   1.30028 
  0.0434468 -0.201284 -0.347783 -0.339164 -0.695591 -0.660859 -0.453378 
  -0.333267 -0.247973 -0.302059 -0.221243 -0.989742  -1.23816 -0.349689 
   0.846058   1.16151 
   0.475247 -0.140227 0.0214316  0.535277   1.02391  0.892463  0.163504 
   0.184224 -0.591924 -0.706077  0.258363  0.950989   1.54146   1.69441 
    1.80261   1.26213   1.20869   1.12816   1.10981   1.32184   1.87092 
    1.62044   2.01312   2.24594   2.45402   1.82123   1.54517    1.4089 
    1.49274   2.15135   2.37495   2.45119   2.37284   1.75317   1.48875 
    1.05463   1.22756 
    1.64513  0.900223   1.07087   1.55156   1.82037   2.37095   2.46354 
    2.30335   1.57817   1.08581  0.105329  0.152852  0.654544 0.0793725 
   0.830448   0.39865  0.665078  0.792117   1.02447   1.32328   1.14081 
   0.780684  0.745412  0.392065  -1.83102  -1.72776  -1.33348 -0.741401 
  -0.225743 -0.289941  0.306374  0.469128   1.02985   1.69292   1.14977 
   0.621307  0.522553 
   -2.05485  -1.96047  -1.39797 -0.487658  0.157532 -0.103125 0.0216734 
   0.202421  0.941537   1.54039   1.06907  0.540465  0.611516  0.283239 
   0.570773  0.177842 -0.00212793 -0.979942 -0.480385  -0.75508 -0.142173 
   -0.28892 -0.280516 -0.469621 -0.347321 -0.287933 -0.525718 -0.397366 
  -0.00694605  0.041608  0.415661  0.925459    1.0357   2.35457    3.5507 
    3.24386   2.67835 
  -0.00412961 -0.00598968 0.0494425  0.113882  0.408762  0.248411 -0.0926737 
  0.0225336 -0.660957 -0.0911454    1.4656   1.82349   1.28863   1.30752 
    1.12141   1.09946  0.835058   1.44119   1.46065   1.24136   1.68256 
    1.60207   1.56615  0.445197  0.391451 -0.205037 0.0418099  0.618165 
   0.582987  0.566105  0.542667   0.26554   1.01757  0.968232 0.0496499 
   -1.06373 -0.965529 
    1.91724 0.0396913  0.556212  0.991564   1.05674   1.17378  0.839453 
  0.0471658  0.500409  0.351232  -0.33401  -0.85782 -0.362387 -0.145872 
  -0.625378 0.0641354  0.238824  -0.26506  0.457204  0.474612  0.219273 
  -0.266286 -0.164869  0.213067  0.325634   0.33725  0.554759    1.1462 
    1.45102   1.68831   1.36183   1.48835   1.94308   1.44911   1.58578 
    2.13261   2.00041 
  -0.290128 -0.0483971  0.261748  0.610757  0.872426  0.859569  0.383128 
   0.246245   1.54801  0.516647  0.537811   1.56255   1.61199   1.53062 
    1.14849   1.30424   1.14651   1.34273  0.359608   0.21418  0.367591 
  -0.226054  0.378794  0.521792  0.612631   1.14353  0.936952  0.888634 
  0.0546889  0.370006 -0.0529781   0.27898  0.892801  0.666728   1.05492 
   0.391576  0.442876 
   0.322128  0.848449  0.447892  0.146469 -0.261146   0.66082  0.700345 
   0.538721  0.870137  0.921928   1.29181   1.02955   1.28661   1.18909 
   0.538239   1.11584   1.00121   1.23544   1.12673  0.497867 -0.143266 
  -0.404452  -0.71388 -0.613327  0.198068  0.451075  0.223291  0.191517 
  -0.229817 -0.715979  0.183171   1.57537   2.37379   1.93428   1.97677 
    1.49909   1.14886 
   0.585919  0.881306  0.852483  0.769184  0.455779  0.129119  0.435355 
    0.79434   1.36737   1.30131   1.47274   1.10631  0.612942  0.747473 
   0.662876  0.888134  0.794567  0.828635  0.958926  0.868093  0.811301 
    1.06584  0.774042    1.0014   1.38732   1.15653  0.518725    0.7486 
    0.21117   1.57188    2.0274   2.40809   1.90073   1.21077  0.793259 
   0.474213   0.42839 
    1.46845   1.12424  0.275008  0.397685 -0.415618  0.638828  0.748512 
   0.992453  0.995926  0.808264  0.711031  0.693019   0.91784    1.3151 
   0.857055  0.859193   0.58467 -0.239025 -0.812182  -1.33498 -0.0427536 
   0.598674  0.401508 -0.191917 -0.409219 -0.377778 -0.0872683  0.273254 
   0.332315  0.616595 0.0599914  0.958407   1.44604   1.51851   1.35297 
   0.944334 0.0967208 
  -0.261333  0.152128  0.845835   1.15566   1.15615    1.4205  0.799456 
   0.937014   1.22048   1.30977  0.982136  0.455368 -0.496551 -0.530786 
  -0.800695 -0.677018 -0.363092 -0.0500612 -0.181348   -1.1154  -1.30471 
   -2.00938  -2.36517 -0.971892   1.16621   0.39797   1.45129  0.848512 
   0.531769  0.267023  0.207706  0.513351  0.917926  0.704811  0.475937 
   0.682016  0.720353 
    1.29311  0.480874   1.61149   1.02338  0.932314   1.10536  0.951485 
    1.59894   1.98267   1.68343   1.43532    1.3284   1.16558   1.15645 
     1.2057   1.24146  0.911589   1.08957   1.20188   1.32816   1.11994 
    1.21334  0.542215 -0.434935 -0.00702098 -0.385006  -1.08118  0.392484 
   0.378992  0.445361  0.938794   1.01402   1.11727   1.56355   1.27136 
    1.18791  0.909828 
   0.149059 0.0015226 -0.707621  0.323742  0.422782  0.837292   1.05449 
    0.69547  0.867203   1.84294   1.65961   1.43014   1.01969  0.751161 
   0.899708  0.629512 -0.0846253  0.182174  0.931477  0.787766  0.887904 
   0.977626  0.867199  0.778971   -1.1037 -0.971335 -0.357916  0.494136 
   -0.13755  -1.29388  -1.63844  -1.13234 -0.138026 -0.403048  -0.42824 
  -0.657732 -0.144685 
  -0.517726 -0.612682 -0.526202  0.118534 -0.613014  -1.31808  -1.57165 
   -1.30326  -0.25479 -0.157775 -0.0832383 -0.381626 -0.00768055 -0.766606 
  -0.182263 -0.270018 -0.531422 -0.275991 -0.0163457 -0.187535 -0.139189 
  -0.487149 -0.961587 -0.549021 -0.337882     -9999     -9999 0.0697967 
   0.257771   0.46105  0.629739  0.453667  0.399891  0.732503  0.642403 
   0.420343  0.494835 
  -0.0750149     -9999     -9999  0.554239  0.988157   1.08581   1.07298 
    1.47096   1.58548   1.47177   1.04809  0.777219  0.993723  0.729156 
   0.812481   1.02344   1.08785  0.337206  0.330621   1.00595   1.00385 
   0.947317  0.601133 0.0546106 -0.412155 -0.339051 -0.483651  -0.57784 
  -0.412684 0.0372606  0.411925  0.404272  0.237141  0.172888  0.534364 
   0.333614 0.0513841 
  -0.713047   -0.8464  -1.10012  -1.24751 -0.997604 -0.519617   0.25805 
   0.609125  0.604376   0.43599  0.476267  0.338309  0.319029  0.534491 
  -0.173116 -0.702293 -0.342515 -0.180683 -0.0662201  0.337352  0.585255 
   0.298386  0.294716   0.58455   0.48165  0.477482   0.38033   1.20445 
    1.53276   1.37985   1.42038   1.20144  0.637362 -0.941226  -1.07597 
      -1.15  -1.01954 
   0.184327 0.0540314 -0.164622    0.1245  0.347959  0.770835   1.47716 
    1.68093  0.917328 -0.488223 -0.532553 -0.667491 -0.387173  0.444378 
   0.186299 -0.604923 -0.881609  -1.29963  -1.69518  -1.40281  -1.36332 
   -1.99794  -2.23828  0.410721  0.570011  0.695026   1.03819  0.823456 
    1.31424  0.435836   1.93966   1.28657  0.824849  0.169816 0.0461348 
   0.484997  0.921046 
   0.146536   0.12166  0.219206 -0.236766   1.08218  0.362428    1.7025 
    1.24821  0.229682 0.00114042 0.0256657  0.446128  0.811225  0.734875 
   0.495578  0.591935   1.19793   1.49716   2.09713   1.99867   1.55571 
    1.39361  0.451146   0.13838  -0.21364 -0.0735483   0.15934  0.793055 
    1.22043  0.990486   1.21859   1.66235   1.34993  0.754051 -0.0793583 
  -0.798842  -1.47041 
  -0.099947 0.0794633 0.0845174  0.187494  0.547859  0.556804  0.919589 
    0.88474  0.469901  0.285982 -0.186826 -0.318354 -0.529961  0.365574 
  -0.392226   -1.1042  -1.23799 -0.505009  0.881208    1.5507   1.44793 
   0.657048 -0.490437  0.762655  0.678578  0.662111  0.733555   1.10635 
    1.76227   1.28954  0.847694  0.169081   0.60806   1.03526  0.906831 
   0.941095   1.33343 
   0.123032  0.371375  0.453157  0.629691   1.68929   1.31693  0.593247 
  -0.0468564  0.109867  0.570339  0.573174  0.920622    1.2949   1.79232 
    1.71608   1.54775   1.40393   1.24754   1.07908   1.15722   1.27153 
   0.901428  0.379249 -0.432467  -1.34476  -1.75296  0.261053  0.110288 
   0.561914  0.831739 -0.0168583 0.0845291 -0.283072 -0.256736 -0.286436 
  -0.540598 -0.412243 
  -0.766735 -0.890748   0.87714  0.486129  0.497561  0.370259 -0.618256 
   0.151647 -0.240172  -0.41947 -0.307706 -0.371527   0.29003  0.323714 
  -0.237208 -0.0166685  0.197919   0.61399  0.444779  0.224277  0.091151 
   0.250919  0.147268  0.105974 -0.741837  -0.38792 -0.768261 0.0877386 
   0.351826  0.434971  0.600862   0.77759  0.647802   1.41119   2.08165 
     1.9207   2.38414 
  -0.498065  0.467993 -0.118479  0.307282  0.370618  0.306754  0.867608 
    1.26339   1.12821   1.46009   1.66082   1.17359   1.30877   1.00639 
   0.839051  0.794509  0.837435   1.01007  0.980611  0.965581  0.966764 
    1.64956    1.5699   1.25192   1.21227  0.802705  0.258943  0.448423 
  -0.349653  -0.12436  0.218212  0.587426   1.55098    1.5545   1.49011 
    1.22438   0.92472 
   0.486266  0.621327  0.929539   1.29822  0.827595    1.1219   1.35582 
    1.54135   2.04508   1.94352   1.60356   1.50355   1.43625   1.58988 
    1.75746  0.978702   1.01837   1.12851   0.92361   1.09126   1.35244 
    1.13826   1.25512   1.57288   1.51453   1.40349  0.980121  0.481075 
    1.40737  0.467905 -0.457962 -0.623502  0.486704 0.0551318 -0.328951 
  -0.317038 -0.0110438 
    1.16728    1.1437   0.77259   0.15736   1.37026  0.514685 -0.0626688 
  -0.713582 -0.0149031 -0.389538 -0.709344 -0.102011  0.159474  0.398136 
   0.726084  0.316182 -0.574998  0.666896  -1.78675  -1.34381  -2.26413 
   -3.23385   -2.3812  -1.41644  0.310193   1.29759   1.17906   1.49666 
    1.35148   1.48313  0.694838   1.19578  0.932224  0.886337   1.27492 
    1.37659   1.15123 
   0.186528  0.647945  0.177024  0.389017  0.105209  0.534455  0.654453 
   0.969126  0.647068  0.554631  0.349766  0.206397  0.268055   0.24789 
   0.816916  0.919404   1.33746   2.03037   1.96121   1.22993   1.03521 
    0.63619  0.632744  0.205769 -0.723728 -0.817998 -0.626849   -0.1245 
  -0.053958 -0.200826 -0.324439  0.692864  0.861698  0.669079  0.385318 
   0.575038  0.254026 
  -0.0572165 -0.497057 -0.653456 -0.762096 -0.0711183   1.13182  0.923265 
    1.16266  0.898483  0.745586   0.32993  0.554298  0.221588 0.0454176 
   -0.22463 -0.345492  0.424393  0.467495  0.206912  0.379382  0.176109 
  0.0716928 -0.096412 -0.330832  -1.15741  -1.22576 -0.921229  -1.02582 
  -0.933855  -1.74864   -1.5192  -1.24559   -1.3195 -0.703019 -0.100244 
   0.142965  0.181407 
  -0.635321  -1.11748 -0.781503    -1.348  -1.01381  -1.05977 -0.954422 
    -1.2278  -2.02442  -1.54119 -0.956897 -0.659493  -0.81115 -0.679126 
   0.101185  0.304781  0.790385  0.680919  0.972263    1.1289 -0.00530755 
   -0.52948 -0.811515 -0.821165  -1.27661  -1.17164  -1.14634 -0.929463 
  -0.317403  0.532365  0.853575   1.65001   2.49164   2.49576   2.35854 
    2.62223   2.28439 
  -0.897749 -0.921091  -1.13118  -1.08467 -0.696175  0.127772  0.372448 
    1.01473   1.59745   1.59168   1.61293   2.40231   2.35052   2.20646 
    2.38707   2.26757   1.86951   1.90067   2.18826   2.50851   2.44917 
    2.56766   2.67128   2.48243   2.42323    2.2929   1.84164   1.48026 
    2.16698   2.41798   2.43326   2.58919   2.35795   2.84509   2.52079 
    2.45619   1.91445 
     1.3981   1.04824  0.951454  0.861194   1.65524    2.3181   3.05698 
    3.32238   3.11505     -9999   3.18147    3.0957    2.4181    2.2541 
    2.07222   2.08096   1.96217   1.95224   1.87244   1.91243   1.85366 
    1.71886   1.83154   2.08667   2.69667   2.69399   3.24077   3.12206 
    3.75936     -9999     -9999     -9999     -9999     -9999     -9999 
      -9999   3.36815 
    2.33167   2.35267   2.51818   2.10226   2.47637    3.3641     -9999 
      -9999     -9999     -9999     -9999     -9999   3.09932   2.45125 
    2.21205   2.01591   1.73903   1.84135   1.90104   1.88101   1.98054 
    1.69575   1.90138   2.68435   2.39837   2.34704   2.37986   1.66682 
    1.78654  0.884598  0.987016  0.453332  0.200051 -0.128082 -0.371099 
  -0.698025 -0.844236 
    2.38568   2.01232   2.38943   1.16229   1.36082  0.285862 -0.0142427 
  -0.776097    -0.796 -0.755218 -0.815604 -0.926552 -0.976291 -0.042957 
   0.159779  0.326801  0.649612   0.59249  0.400296 -0.182131 -0.0228503 
  0.0236131 -0.481782 -0.0746141  0.472064   0.60598   1.11282   1.08605 
     1.0996   1.57098   1.96836   1.93134   1.42404   2.20254   2.12252 
    2.04807   1.66423 
    1.37322 0.0189871  0.839071  0.772585  0.189774  0.496417   1.08449 
   0.949516  0.742487  0.619721  0.370021  0.787505  0.460604  0.891572 
    1.42981   1.37543    1.5898   1.55499  0.695814  0.729374  0.908251 
  -0.0386348 -0.513884   -1.9759  0.760038  0.510931  0.336527  -1.14944 
   0.493119  0.684534  0.301088  0.496301  -0.26017 -0.267147  0.270184 
   0.406458   0.32908 
    1.06831  0.518635  0.434722  -1.27287  0.532401  0.478276 -0.352509 
   0.160373  0.408184 -0.316889 -0.126318  0.408752  0.428622  0.282984 
   0.107073 0.0810533  0.204676 -0.294059   0.36394  0.487116  0.254245 
   0.115028  0.493486  0.453112   1.12921  0.964068 0.0482551  0.222576 
  -0.278334  0.830875  -2.06561  0.151878  0.672858  0.974903  0.628173 
   0.263993  0.482039 
    1.00216  0.923069 -0.022932 -0.021663 -0.578396  0.888933  -3.13752 
     0.8276   1.74637   1.33975  0.705071  0.375651  0.601847  0.178796 
    0.91949   1.20431   1.03184   1.39404   1.73114   1.33371   1.17553 
      -9999  0.531627  0.738207     -9999   1.21707   1.37484   2.41943 
    2.83633   1.81655 0.0968358  -1.47415   -1.7268  -1.44821  -1.55811 
   -1.69968  -1.83603 
      -9999   1.12108    0.5605   1.44057   2.52428   1.68788  0.178934 
  -0.561507 -0.567145    -1.057  -1.19955 -0.891477 -0.566685 -0.375471 
   0.309927   1.25572  0.558309  0.686657   0.96204  0.341738 -0.815582 
  -0.179274  -0.61863  -1.31476  -1.06768   -1.0184 -0.290959 -0.0451232 
  0.0275841  0.967442  0.955619   1.53093  0.963073   1.26103   1.43893 
     1.9763   1.11857
