-1.746  -1.54058  -1.22989 -0.938057 -0.264609 -0.487582  -1.43928 
  0.0494368  0.381007  0.780958   0.37114  0.763985    1.2596   1.71644 
    1.92299    1.6998   1.14956   1.05658    1.0948   1.15809   1.66777 
    2.03282  0.740574  0.104847 -0.340528  -0.51803 0.0156836  0.561592 
   0.773641  0.866518  0.677321  0.542923  0.606566  0.555895  0.711694 
   0.573456  0.635152 
  -0.897795 -0.275375  0.241859  0.491687   1.33308  0.967585  0.581453 
    0.60257  0.980654   1.28754   1.62586    1.4085   1.10741   1.33856 
    1.31987   1.71449   1.94936    2.4998   2.38899   2.29669   2.50769 
    2.64353   1.41323 -0.594886  -1.22642 -0.712596 -0.936313   -1.1121 
  -0.979365 -0.0580799   1.14099  0.697109  0.801962  0.622858  0.892654 
   0.249082   1.00595 
     0.5885  0.522831  -1.46478  -2.04179 -0.588209 -0.196041 -0.0348094 
   0.296654  0.570233  0.402503   1.11373  0.872461   1.39091   2.35766 
     2.4962   2.27473   1.65519   1.26744   1.44164   1.82673   2.68184 
      -9999    2.4845   2.24174   1.88452  0.949252  0.653435    0.6737 
    1.67877   1.50965   1.15758   1.12738   1.32438   1.68509    1.6452 
    1.29367   1.01097 
     3.2449   2.52023   2.19571   2.29922   3.09297   2.21876   1.62564 
    1.47855   1.20513   1.10338   1.17482    1.1928   1.24896   1.55439 
    1.71528   1.74919   1.85494   1.69273    1.5636   1.34989   1.04148 
  0.0431239 -0.341594 -0.295765 -0.228592 -0.496617  -1.03671  -1.12276 
    -1.2356 -0.915197  -0.92034 -0.789457 -0.631401  0.012132  0.130734 
  0.0441035 -0.108571 
  -0.451167 -0.464342  -1.55463  -1.55441  -1.21872 -0.948868 -0.806354 
  -0.426455 -0.294061 -0.0344521 -0.346711  -0.33172 -0.0342669  0.506444 
   0.881995  0.721543  0.801981   1.12524   1.02189   1.38473   1.87174 
    1.75801   1.41582   0.90646  0.142508  0.252725 0.00733324 -0.0988371 
   0.174386  0.810762  0.302551  0.182174 -0.220501  0.115797  0.716288 
   0.867251   1.14542 
  -0.739648 -0.274159 -0.166906 -0.151425 -0.00358539  0.770404  0.436809 
    0.11592 -0.0255237  0.218173  0.789769  0.279053  0.572804  0.423614 
   0.344212  0.483156  0.436646 -0.899847  -1.01612  -1.01077  -1.00736 
   -0.75694  -1.74874  -1.51548 -0.926781 -0.752349 -0.871492 -0.452485 
   0.207919  0.345653 -0.0942219 -0.0332441  0.106068  0.240744 -0.129365 
   0.256737  0.560701 
   -1.13868 -0.534527  0.108781  0.373955  0.345834  0.225591 -0.101529 
  -0.166005 -0.147009  0.148456 -0.170214 0.0924271  0.723805  0.884994 
   0.944924   1.26867   1.46459   1.43207   1.62353   1.95643   2.33356 
    2.12456    1.8056   1.27339  0.607597  0.645612  0.338827   0.19998 
   0.275932  0.247669   0.27799  0.198271  0.460372   0.46996 0.0828364 
  -0.601813 -0.522014 
   0.564689  0.952907   1.04651   1.29412   1.41987  0.988261   1.09557 
    1.20933   1.50725   1.60561   1.23635  0.433516  0.504253  0.473063 
   0.247513 -0.327272 -0.0470233   0.44923  0.620036    1.0218   1.30205 
   0.455445  0.172054   0.44785  0.333691  0.727533  0.429638  0.939462 
    1.17156   1.60903   1.85872   1.36606  0.966561  0.789474   1.20985 
    1.57867   1.67365 
  -0.530062  0.102518 -0.286742 0.00874698   0.59502   1.77128   2.00567 
     1.0471  0.462894  0.735877   1.25581   1.41172   1.91172   2.03055 
    1.76605   1.48377   1.29171   1.23803  0.862146  0.750569  0.978696 
   0.971838   0.63691   1.00102  0.563118  0.410684  0.379374  0.949707 
   0.998638  0.703992   1.36033   1.21749   1.10315  0.971115   1.22601 
    1.59012   1.45863 
   0.226729 -0.313327 -0.276414  0.192939  0.114216  0.163616  0.587757 
   0.587346  0.631018   0.96204   1.32026    1.4914   1.29621   1.38271 
    1.26334    1.4464    1.2336   1.22456   1.36282   1.89809   2.86413 
    2.65077   1.85525   1.70765  0.818776  0.761313  0.873243   1.10346 
    1.48757   2.10971   2.46946   3.18205   2.55741   3.82143   4.73919 
    3.91385   2.98575 
   0.539856     0.297  0.195242    0.3782   1.05152     1.705   1.95162 
    2.00047   2.07094    2.6697   2.86523   3.14754   2.82527    2.5119 
    2.40656   2.33843   2.63499   3.20472   3.18374    3.1834   3.32264 
    3.15259   2.45639   1.62636  0.486706  0.547732  0.596476  0.593302 
   0.164525  0.114928   0.13808 -0.0156335  0.112415   0.66499  0.828918 
    0.63183  0.695336 
  -0.105401  0.219899  0.529774  0.780731  0.413825 -0.381758 -0.652373 
  -0.607891 -0.386047   0.59155  0.996859  0.564019  0.369518   0.21742 
   0.113274 0.0141962 0.0249188  0.152149 -0.0656338 -0.371234   -0.2981 
  0.0371745     1.445   2.31806   2.58692   1.86743   1.72398   1.75088 
    2.05314   1.35275   1.18404   1.47382    1.4545   1.26416  0.774741 
   0.588386  0.617055 
    1.58504   2.07915   2.54864   2.56856   2.57019   1.59285   1.30283 
    1.51565   1.42932   1.50272   1.44035   0.61948  0.103756 -0.559865 
  -0.376759 -0.691226 -0.0332063  0.546396  0.917788   2.35256   2.34219 
  0.0152593  0.197564  0.429264  0.698833  0.910781   1.49429    1.1503 
   0.423038 -0.864534  -0.35254 -0.247076 -0.0017178 0.0360091  0.523418 
   0.143555 -0.111335 
  0.0617597  0.261358   1.02618  0.732126  0.311694  -1.11913 -0.648212 
  -0.615847 -0.183288  0.168731   1.00888  0.164129 -0.379346   0.37707 
   0.784724  0.211081 -0.675304 -0.230151  -1.01131  -1.64546  -1.70199 
   -1.95025  -1.55376 -0.650324 -0.238289 -0.130437 -0.574261 -0.361035 
  0.0460811 -0.156351  0.447312   1.25155   1.66657  0.927928   1.42846 
    0.90586  0.184196 
  -0.814428 -0.705748 -0.896449  -0.66111 -0.139889  -0.59708 0.0647181 
    1.17035   1.85648  0.983412   1.69801  0.938402 0.0143987 -0.0713033 
  -0.229849 -0.498599 -0.706612 -0.296169 -0.819785 -0.920776 -0.0183084 
      -9999  0.567433  0.605538     -9999  0.463916  0.702807  0.595591 
    1.08894   1.53995   1.56796  0.496488 -0.499589 -0.256269 -0.310107 
   0.233808  0.747647 
      -9999   0.63975  0.902538  0.927371   1.46072   1.47625   1.13914 
   0.153632 -0.378323 -0.495153 -0.0808629 -0.106918  0.390231  0.646053 
   0.715209   1.09111  -1.01169  -1.43381  -1.41114  -0.98389 -0.371432 
  -0.266026  0.169207  0.268222  0.658994   1.21394  0.544149   1.13633 
   0.787478  0.726717  0.535488   1.10302   1.33847  0.801993   1.25044 
   0.991959   1.69067 
   0.849723   1.03985 -0.190995  0.371298  0.127395   1.05248   0.99785 
    1.27574    1.6182   1.25731   1.74657  0.828126   1.70193   1.26033 
   0.112171  0.156831   1.39139   2.33327   1.74501  0.386067  0.803964 
   0.699734  0.601062  -1.04158 -0.752706  -1.67399  -1.01593 -0.155294 
  -0.510364  0.201621  0.424751  0.761626  0.849346  0.431482   0.82756 
    1.06788  0.788566 
   -1.26519  -1.95051  -1.67815 -0.501996 -0.877677   0.49197  0.546783 
    1.08346   1.11953  0.688819   1.12794   1.26132   1.07925   1.00539 
    1.54468   1.68596 -0.592577 -0.564331 -0.400908 -0.734389  -1.07722 
   -1.79616  -1.95005  -1.90578  -1.52482  -0.53653 -0.523628 -0.477123 
   -0.08353 -0.939844  -1.02171 -0.517489 -0.793048 -0.393122  -1.00546 
   -1.13116  -0.52113 
  0.0692464  0.942231  -1.04162  0.313005   0.46219  -0.54898 -0.809739 
  -0.326149 -0.656413 -0.170356 -0.800668   -1.1276  -1.12539  0.665189 
    1.64443   1.69037   1.32834  0.980426  0.266413  0.214326 -0.172206 
  -0.0799919 -0.179333  0.404148  0.616099  0.246557  0.600408  0.171923 
    1.36326   1.63716   1.78086    1.6086    1.4764   1.88445   0.63232 
    1.64095 0.0887427 
   0.873686  0.233995  0.277199 -0.327053  0.563654   1.13689   1.31151 
   0.729423  0.591979   1.04377 -0.426694  0.981308 -0.355024    1.2846 
  -0.575192 -0.930673 -0.563019  0.225371  0.168915 -0.0853833    1.0539 
    0.78158    0.3768  0.488487 0.0957798 -0.691568 -0.906764  -1.03192 
  -0.349614  0.332996   1.23909   1.80576   2.16686     1.002   1.03264 
    1.68433   2.01813 
    0.01587 -0.669387 -0.698951 -0.843053 -0.331024  0.497914   1.36805 
    1.32898    1.2061  0.754942  0.772931  0.794008  0.911178 -0.129674 
  0.0359699  0.320222   1.16879   1.73329  0.353907    1.4206   1.71118 
    1.85444  0.981519   1.31271   2.10364   1.31059   1.60419   1.73698 
     1.9537     1.821  0.852446  0.920195   1.51076  0.698583  0.725834 
     1.1902   1.57034 
    1.96537  0.707139  0.896845   1.18506   1.19601   1.23801  0.416961 
   0.244037  0.889024 0.000675617  0.295758  0.957398   1.38465  0.025755 
  -0.919878 -0.497485 -0.411725  -0.26475 -0.889197 -0.806693  -1.29216 
  -0.871546 -0.424323  0.120416  0.177931 -0.242159 -0.457043 -0.291919 
  -0.554625 -0.102226  0.370582  0.579908  0.787202  0.903157  0.845218 
     1.5456  0.492683 
     0.2673 -0.0704123 -0.153021 0.0963037 -0.361128 -0.00630747  0.113958 
   0.345351  0.943094   1.28743   1.12007   1.97374  0.677692   0.85781 
    0.91869  0.791845  0.745856   1.08592   1.06869  0.635596 -0.660068 
  -0.767741 -0.126212 -0.193795  0.368729 -0.217888  -0.62354 -0.257399 
   0.236998  0.502016   1.56434   2.00817   1.58659  0.804388    1.3053 
   0.792004  0.965887 
   0.784304  0.743771 -0.353928 -0.431085 -0.355578 -0.491093  0.745207 
    1.34653  0.722036   0.36325   1.31014   0.15277  0.605713   1.02597 
    1.51269   1.23792   1.29006   2.32328   1.70582 0.0364403  -0.46003 
   0.331432 -0.212663  0.576209  0.456396  0.319181 -0.153934 -0.596722 
  0.0238552  0.981097  0.763629  0.557115   1.11876   1.05969  0.223379 
  -0.191214 -0.219604 
   0.833866  0.680285 -0.207631    -1.237 -0.269391   1.14278  0.801545 
   0.300868  0.483702  0.799543  0.211022 -0.167581 -0.0761169  0.270302 
   0.126432 0.0831367 -0.385003 -0.538851   -0.6566 -0.331739 -0.611879 
  -0.856373  0.699492   1.05917  0.194973   1.34416  0.536402  0.525233 
   0.827785   1.26433   1.70515   2.16933   2.08447   1.44416   2.43663 
    1.90578   1.69834 
   0.696775   1.58419   0.22774 -0.339272  0.695064   1.46968   2.10291 
    2.34677   1.94122   1.15073   2.53347   1.57547  0.977033  0.984683 
     1.3203   1.25319  0.507191   0.43053   1.17111   1.56937   1.70605 
    1.41382  0.706616  -0.36605 -0.628977 -0.927186 -0.595711 -0.767452 
  -0.474591 -0.343687 -0.308151 -0.451576 -0.355504  0.251978  0.221205 
   0.458002  0.598537 
  -0.267902 -0.333319  0.161416 0.0148758  0.140032 -0.199795 -0.376331 
  -0.818615 -0.674394  0.239075  0.117431 -0.179541 -0.126941  0.125008 
   0.344412  0.434075  0.345507  0.358089  0.517116  0.977397   1.10318 
   0.929257   1.27401  0.949997  0.169124 -0.367302 -0.375047 -0.455649 
  -0.528855 -0.824058  -0.92778  -1.31491   -1.6732  -2.01114  -1.66345 
    -1.6265  -1.66931 
    1.11546  0.366678 -0.310819  -0.42048 -0.146156  -1.51406  -2.01059 
   -2.12923  -2.03951  -2.41291  -1.64115  -1.45647  -1.90666  -1.78885 
   -1.59138  -1.49821  -1.54768  -1.62609  -1.49171   -1.2991  -1.37192 
   -1.68586  -2.02126  -2.05725  -1.90061  -1.55654   -1.7608   -1.8882 
   -2.03044  -1.93622  -1.65705  -1.40558  -1.49039  -1.65852  -1.47123 
   -1.04982 -0.777577 
   -1.70651  -1.44961  -1.63891  -1.96208  -1.98015  -1.93423  -1.84833 
   -1.82059  -1.79932  -1.80826  -1.73289  -1.33538 -0.790778 -0.432678 
  -0.0702661 -0.151332 -0.165524 -0.724088 -0.122603 -0.235565 -0.671151 
  -0.636492 -0.781564  -1.52184   -1.3792  -1.18933  -1.23515  -1.14716 
  -0.975271 -0.605963 -0.511301 -0.359394 -0.00792783 -0.360556  0.223084 
   0.401867  0.664737 
   0.411137 0.0700237 -0.0144654 -0.0981902  -0.14343  0.263935  0.709166 
   0.772144   1.17702  0.937532   1.15281   1.20133   1.33357   1.47668 
    1.83712   2.10904   1.63087   1.05279   1.36816   1.63762   1.40314 
    1.72228   1.01016 -0.376103 -0.391075  0.030245  0.366556 -0.0834833 
  -0.0543619  0.106184  -1.17106  -1.02186  -1.51553  -1.15952 -0.924903 
  -0.0594976  0.461698 
  -0.253361  0.713786  0.834906 0.0443499 0.0853253  0.388479  -1.49542 
    -1.7417  -2.26719  -1.35983  -0.99607 0.0230214  0.659662  0.549274 
   0.121296  -0.20493 -0.0378544  0.454204   0.77703  0.980166    1.2324 
    1.24756   1.20036   1.65285   1.54343   1.62342   2.37255   1.70966 
     2.5611   3.00354   1.70425   2.75254     -9999   3.38417   2.41373 
    2.70839   1.76052
