0.954928   1.66063   1.91761   1.66045    1.4201  0.618583  0.633527 
    1.10917  0.473855  0.667688   1.22394   1.06612 0.0527788  0.119178 
   -0.97704 -0.797176   0.99704  0.167119  0.081487    1.6486   1.32356 
   0.364741  0.855827 -0.150072  0.506106  0.782505  0.601893  0.581597 
   0.711299  -1.28259  -1.47625  -1.17917  -1.03275  -1.24764 -0.332797 
   -1.19281  -1.74241 
   0.796496   1.28322   1.04231    1.2492   1.27726  -1.09237  -1.06691 
  -0.984558 -0.854708 -0.813673  0.131936 -0.588905  -1.50623  -0.97337 
   0.803795  0.439059     -9999 -0.217849  -1.61197 -0.658075 -0.592637 
  -0.0460594 -0.0911885  0.313273   0.53633  0.423259  0.850177   1.04627 
  0.0822184  0.409299  0.951687   1.67501   1.50173  0.892091  0.723933 
   0.355425 -0.306794 
   0.580943  0.903246   1.04129   1.12048  0.023705  0.649115   1.11996 
    1.65419  0.829248  0.352259  0.455616 -0.134477  -1.18903  -1.32836 
  0.0886514 -0.278049   1.05079   1.65811    2.2666   2.21074   1.10776 
   0.943279   1.24244   0.68522  0.511413   1.16563    1.8883   1.83836 
     1.4081   1.36898   1.93147   1.98305   2.04948   2.00172   1.90674 
    1.88448   1.01976 
    0.86641   1.19982   1.50264   1.60337   1.80026   1.70006   1.83648 
    2.03304   2.26101   2.11245   1.71169   1.82437  0.892915 0.0350532 
   -1.11819 -0.760658  -1.25987   -1.4647  -1.54609 -0.268435 -0.255062 
  -0.807657 -0.266775  0.936088  0.713444  0.275832  -0.59599 -0.881488 
   -0.53152 -0.952136  -1.29694 -0.952585 -0.645293  -0.71053 -0.892353 
  -0.993929  -1.04394 
   0.630346  0.453689 0.0611071 -0.170771 -0.230662 -0.883057 -0.964665 
  -0.727543  0.328783   0.37127  0.108324  0.112733 -0.331931 -0.592561 
  -0.723835 -0.742819 -0.744136  -0.91338 -0.862952 -0.682686 -0.637808 
  0.0875968  0.779134    1.2802   1.14143  0.839822  0.314207 -0.00469109 
  0.0210497    0.4767   1.03225  0.544776  0.149974 -0.392754 -0.133106 
  -0.0839667 0.0225553 
    0.66395  0.514324  0.250542 -0.0829855  0.299414  0.760072   1.04008 
   0.630647  0.578318 0.0439563  0.438823  0.271756  0.434421  0.469711 
   0.374498   0.54902  0.102824 -0.288301 -0.0182349  0.643139 -0.0231189 
  0.0238169 0.0594765 -0.0821892  0.324234  0.914828  0.186676   0.78792 
   0.032215  0.197005 0.0115377 -0.406507  0.235275 -0.134365 -0.224737 
  -0.234397 -0.409601 
  -0.131491  0.647066 -0.0326314   1.25279  0.184677  0.442178 0.0934065 
  -0.391709  0.240654 -0.0997803 -0.109451 -0.363775 -0.974096 -0.888261 
  -0.349722  0.534735   0.65076  0.123478 -0.377096 -0.882698 -0.827166 
   -1.08271  -1.16191 -0.996621 -0.819173 -0.618627 -0.357021 -0.0965279 
  -0.176449  -0.37146  0.174195 -0.612371 -0.296351  0.257385  0.996206 
   0.735809 -0.0804585 
   -1.42741  -1.08026 -0.492112  0.176314  0.375857   0.28291   0.21288 
   0.246094    0.8276   1.40773   1.96297   1.35288  0.114148   0.73805 
   0.965831  0.481329  0.285632  0.465352  0.429256  0.303263 -0.0344551 
  -0.417854 -0.153876 -0.213751  0.433261  0.205663 -0.232033 0.0445162 
   0.141239 0.0474927  0.460856  0.416772 -0.117611 -0.166296  0.393192 
   0.317378  0.167344 
   0.722607  0.107443 -0.182769  0.659126  0.597957  0.743059   1.23952 
    1.10535  0.501292  0.474802  0.928027  0.561829  0.235938 -0.159342 
  -0.835654  -1.29073   -1.4494  -1.31269  -1.42714  -1.43533   -1.2909 
   0.954477   1.45293   1.47668   1.02559   1.53897   1.62873  0.924674 
  -0.581463  -1.03017  -1.33605  -1.30529 -0.960762 -0.203253  0.231841 
   0.836268  0.433685 
   0.523551   0.79006  0.438362 -0.707614   -1.7464  -1.67091  -1.79668 
   -1.58586   -1.0762 -0.0602496  0.643274   1.17834  0.662792  0.305682 
  -0.421784 -0.334777 -0.776719 -0.966193  -1.78748 -0.179188  -1.65654 
   -0.96492  -1.77754  -1.84208  -1.52261 -0.598907 -0.545341 -0.393567 
  -0.0222989  0.129269  0.209652  0.761198 -0.192132   1.29031  0.247605 
  -0.089913 -0.198483 
   -1.75295 -0.773442 -0.574113 -0.260261 0.0835597 -0.183709 0.0206221 
   0.695556  0.255637   1.52488  0.892713  0.403859 0.0951169  -1.79814 
   -2.34767 -0.459326 -0.384023 -0.321779 -0.456547 -0.461889 -0.599612 
  -0.545248    0.3523  0.747502  0.715121  0.771457  0.450418  0.141456 
  -0.291573  0.657645   1.05439   1.01517  0.610417 -0.0265013 0.0430058 
   0.461842  0.812947 
   0.173895  0.433195  0.666143  0.359474  -0.52712  -0.21701 -0.129226 
   0.256962   0.80077  0.440739   0.83016   1.31056   1.52998   1.34706 
   0.967583   1.90334  0.602761  0.650162  0.220281    1.2522   1.48326 
    1.09509 -0.134237 -0.115575  0.109765 -0.153759 0.0084867  0.153538 
   0.397781 0.0680747  0.532023  0.169561  0.973343   1.06763   1.45869 
     1.8355   1.97281 
  -0.247281 -0.517683  0.181957   1.23308   1.80949    1.1097  0.773042 
   0.342525     1.279   1.45228   1.73029   1.67482    1.5755   1.38089 
   0.997307   0.67049  0.373625  0.275011  0.211315  0.511647  0.173331 
   -0.58398 0.0252159  0.369054  0.468412  0.341081  0.525678  0.624292 
  -0.0943685  0.391589   1.06022   1.28788   1.69455 -0.312892   1.14958 
    1.37592  0.927016 
   0.263205 -0.0252973 -2.2411e-05  0.236801 -0.147902  0.338179  0.644929 
   0.877393   1.26803 -0.529912   0.59358  0.927017  0.458858 -0.161207 
   0.745372   1.24516    1.1188   1.45044   1.17239   1.79134    1.4513 
   0.946632  0.817535  0.456437 -0.340965  0.382443   0.30406  -1.14822 
  -0.907232  -2.20008  -1.47298 -0.897981  -1.12388 -0.238399   1.30339 
   0.326514 -0.0887509 
  -0.932531 -0.286799  0.330803 -0.794919 -0.867536  -2.18986  -1.69956 
   -1.00588  -1.17704 -0.232131   1.29866  0.119135  0.130496   0.29055 
   0.291736  0.385277  0.326017  0.546652  0.110622  0.448012   0.22232 
  -0.139273 -0.259214 -0.0656828 -0.409764 -0.0671538 -0.206716  0.615495 
   0.560429  0.565649 0.0765729 -0.0571442  0.168856  0.823281   1.88613 
     1.5021   1.57143 
   -0.13922  0.206947 0.00982708  0.853716  0.556127  0.525921  0.182172 
   0.562077  0.926814     1.214    2.0398   1.97827   1.83151   2.03099 
    1.68094   1.64659    1.6122   1.59311   1.10297   1.37589  0.255836 
   0.537246 -0.288601 -0.288381 -0.0401067  0.143301  -0.38098 -0.478945 
  0.0442315  -0.18988 -0.438685 0.0149352  0.431101  0.985716  0.801912 
    1.32107   1.65129 
  -0.192586 0.0357121  0.094718  0.111962  0.138775 -0.319537  -0.68681 
  -0.136006 -0.0835883  0.475736  0.590759   0.38974   0.66952    1.0992 
    1.47385   1.24081   1.26751  0.850567  -1.07194  -1.17818 -0.673447 
   -1.42024  -1.21172  0.192097  0.485174  0.679404   1.17718  0.629892 
    0.19022  0.658898 -0.435676 -0.368322  0.520796 -0.245863 0.00282155 
   0.366413  -1.28908 
   0.826315  0.921533   1.30509  0.427313 -0.125741  0.129994  -1.06921 
  -0.728154  0.881498 0.0767757 0.0744095  0.618472 -0.753716  0.231002 
  -0.594261  -1.38411 -0.500827  -1.67281 -0.609239   2.07025   2.37515 
    1.57383   1.91293   1.81649   1.34333  0.775085 0.0448885 -0.359918 
  -0.039248  0.310592  0.160102  0.235675  0.748518   1.05288   1.04606 
  -0.125843  0.260161 
    1.20904  0.959619  0.415473 -0.225359 -0.132197 -0.0878063  0.056977 
   0.143859  0.504381  0.652385  0.755002  -0.65113 -0.112069 -0.333209 
  -0.406914 -0.528989  -1.30269  -1.70273 -0.697508 -0.899586 -0.210244 
  -0.283124 -0.385774 -0.395841  -0.21891 -0.0720735 0.00234853 -0.00308189 
  -0.163879 -0.0994849  0.214235  0.813032  0.912779   1.49401   1.94147 
    1.55138   0.90415 
  -0.450452  -0.51208 -0.566235 -0.617015 -0.486264  -0.36915 0.0617311 
   0.517633 -0.181103  0.165029   1.31968  0.572615   0.14073 -0.237228 
  -0.349218 -0.320778 -0.0953662  0.193382  0.428894   0.33477  0.190446 
  -0.0302577 -0.224433 -0.412791   -0.3597 -0.274388 -0.130355 0.0192773 
  -0.186444 0.0706889  0.404385  0.631582  0.603549  0.244919 0.0877915 
  -0.202047  -0.13604 
   0.348617 0.00951063  -0.17106 0.0590772 0.0899201  0.358164  0.470856 
   0.403115  0.349631  0.256765  0.234406   0.11706 -0.248385 -0.116802 
  -0.177408  -0.65226 -0.308102 -0.112002    0.2172  0.471446  0.215745 
   0.231526  0.431379  0.435241  0.485456  0.410657  0.300283 -0.239245 
  -0.0328793  0.847219   1.32618   1.89735    1.5546   1.47346  0.283993 
  -0.252729 -0.880476 
   0.106422 0.0799446 0.0317892 -0.293919 -0.156056  0.503647   1.05446 
    1.54486   1.21595   1.38689  0.760184  0.236512 -0.421681  -1.04195 
   -1.29074  -1.39774 -0.950629 -0.293965 0.0033642   0.27271  0.512223 
   0.527892 -0.0598424 -0.727033 -0.933384  -1.27012  -1.56873  -1.91426 
    -1.7842  -1.90367  -1.05829 -0.153457 0.0540601    0.6583   1.06154 
    1.01322  0.585856 
  -0.586104 -0.994657  -1.18573  -1.35226 -0.883999  -1.19272 -0.330592 
   0.489431  0.616983    1.0163   1.25001  0.577826 -0.100514 -0.535808 
  -0.778716  -1.16257 0.00436329 -0.250788 -0.291726 -0.259994 -0.0661884 
  0.0120774 -0.470304 -0.540703 0.0955554 -0.00563012 -0.683823  -0.36969 
  -0.0144673  0.179875  0.214728   1.04179   1.42012   1.72646    1.7959 
     1.5781   1.49617 
  -0.261995 -0.422253 -0.812209 -0.592091 -0.342172 -0.697148 -0.350961 
   0.114269  0.523861   1.09835   1.73657   1.81231   1.96453   2.16203 
    1.77909   2.07793   2.33308   2.37672   2.23353   2.00004   1.38013 
    1.31127  0.994295  0.898214   1.01223  0.799165  0.553569   0.30197 
   0.508467  0.761263  0.781905  0.525612  0.335845 0.0407679 -0.269794 
  -0.479213  -0.31016 
   0.297022  0.388954  0.596098  0.373111  0.585548   1.03156   1.02902 
   0.690126  0.445109  0.435146  0.228878 -0.0394193 -0.197393  0.146169 
   0.599641  0.801568   1.05089   1.19487   1.21332   1.92378   2.07068 
    1.90421   1.38472   1.44306   1.12111   1.18089  0.871547   0.85793 
   0.725597  0.116163 -0.245932 -0.127502 -0.202678 -0.759667 -0.920455 
  -0.903603  -1.35404 
  -0.231571  0.616464  0.581527  0.414512 -0.0291167 -0.634972  -0.80979 
  -0.676966 -0.751588  -1.29505   -1.4776  -1.38888  -1.91194   -1.5487 
    -1.8958   -1.9869  -2.09863  -2.16701  -1.96774  -1.11564 -0.965869 
  -0.946924 -0.765415 -0.917394 -0.720439 -0.702371 -0.464994 -0.495984 
  -0.661239 -0.489066 -0.519339 -0.668756  -0.92232  -1.01492 -0.949206 
  -0.767085 -0.579079 
  -0.220472 -0.389578 -0.120186 -0.354131 -0.340152 -0.229123 -0.341644 
  -0.143471 -0.145257 -0.328724 -0.551801 -0.247159  0.179845  0.281882 
   0.211875 0.0125043  -0.52127 -0.242611 -0.783687 -0.856284  0.271345 
   0.430333    0.2611  0.702498   1.55459   1.82301   2.34083   1.85072 
    1.89501   1.99029   1.10381 -0.604549  -1.20748 -0.755931  -1.18328 
    -1.2893 -0.849861 
   0.795269  0.935794   1.51271  0.977097   1.00852   1.19679  0.139485 
  -0.416122 -0.646918 -0.582303  -1.24873  -1.60962  -1.20813  -1.07989 
  -0.450727 -0.214591  0.241908  0.535611  0.604542  0.110451  0.955821 
    1.77188   1.58709   1.45734   1.26357  0.829275   1.00505  0.786297 
   0.619489    0.7808  0.748038   0.34265  0.313631  0.670124  0.781493 
    1.24473   1.67559 
    1.00149   1.13376   1.92013   1.50391   1.49807  0.717066  0.231222 
  0.000473171  0.262844  0.738916  0.769972   1.12627   1.67097   1.70739 
    1.58804   1.16371   1.22098   1.12724  0.684157  0.826617 -0.869132 
   -1.67117  -2.20278 -0.132408  0.637311 -0.804456 -0.0612451 -0.288591 
   0.407121   1.08987   1.09085   1.22926    1.4791   2.07052   2.48234 
    2.65569   3.41083 
      1.265 -0.302018 -0.238393 -0.457787  0.297586  0.855838  0.718597 
    1.04455   1.50741   1.98349   2.47242   1.91457    2.4443   2.11971 
    2.11615   2.35893   2.11583   1.52123  0.687529  0.510527  0.352456 
  -0.477145  -1.23315  -1.36324  -1.23336  -1.03969  -1.26248  -1.24173 
   -1.19123  -1.30195 -0.814345  0.854584  0.440155  0.394384  0.209149 
   0.184691  0.746322 
     -1.746  -1.54058  -1.22989 -0.938057 -0.264609 -0.487582  -1.43928 
  0.0494368  0.381007  0.780958   0.37114  0.763985    1.2596   1.71644 
    1.92299    1.6998   1.14956   1.05658    1.0948   1.15809   1.66777 
    2.03282  0.740574  0.104847 -0.340528  -0.51803 0.0156836  0.561592 
   0.773641  0.866518  0.677321  0.542923  0.606566  0.555895  0.711694 
   0.573456  0.635152 
  -0.897795 -0.275375  0.241859  0.491687   1.33308  0.967585  0.581453 
    0.60257  0.980654   1.28754   1.62586    1.4085   1.10741   1.33856 
    1.31987   1.71449   1.94936    2.4998   2.38899   2.29669   2.50769 
    2.64353   1.41323 -0.594886  -1.22642 -0.712596 -0.936313   -1.1121 
  -0.979365 -0.0580799   1.14099  0.697109  0.801962  0.622858  0.892654 
   0.249082   1.00595 
     0.5885  0.522831  -1.46478  -2.04179 -0.588209 -0.196041 -0.0348094 
   0.296654  0.570233  0.402503   1.11373  0.872461   1.39091   2.35766 
     2.4962   2.27473   1.65519   1.26744   1.44164   1.82673   2.68184 
      -9999    2.4845   2.24174   1.88452  0.949252  0.653435    0.6737 
    1.67877   1.50965   1.15758   1.12738   1.32438   1.68509    1.6452 
    1.29367   1.01097 
     3.2449   2.52023   2.19571   2.29922   3.09297   2.21876   1.62564 
    1.47855   1.20513   1.10338   1.17482    1.1928   1.24896   1.55439 
    1.71528   1.74919   1.85494   1.69273    1.5636   1.34989   1.04148 
  0.0431239 -0.341594 -0.295765 -0.228592 -0.496617  -1.03671  -1.12276 
    -1.2356 -0.915197  -0.92034 -0.789457 -0.631401  0.012132  0.130734 
  0.0441035 -0.108571 
  -0.451167 -0.464342  -1.55463  -1.55441  -1.21872 -0.948868 -0.806354 
  -0.426455 -0.294061 -0.0344521 -0.346711  -0.33172 -0.0342669  0.506444 
   0.881995  0.721543  0.801981   1.12524   1.02189   1.38473   1.87174 
    1.75801   1.41582   0.90646  0.142508  0.252725 0.00733324 -0.0988371 
   0.174386  0.810762  0.302551  0.182174 -0.220501  0.115797  0.716288 
   0.867251   1.14542 
  -0.739648 -0.274159 -0.166906 -0.151425 -0.00358539  0.770404  0.436809 
    0.11592 -0.0255237  0.218173  0.789769  0.279053  0.572804  0.423614 
   0.344212  0.483156  0.436646 -0.899847  -1.01612  -1.01077  -1.00736 
   -0.75694  -1.74874  -1.51548 -0.926781 -0.752349 -0.871492 -0.452485 
   0.207919  0.345653 -0.0942219 -0.0332441  0.106068  0.240744 -0.129365 
   0.256737  0.560701 
   -1.13868 -0.534527  0.108781  0.373955  0.345834  0.225591 -0.101529 
  -0.166005 -0.147009  0.148456 -0.170214 0.0924271  0.723805  0.884994 
   0.944924   1.26867   1.46459   1.43207   1.62353   1.95643   2.33356 
    2.12456    1.8056   1.27339  0.607597  0.645612  0.338827   0.19998 
   0.275932  0.247669   0.27799  0.198271  0.460372   0.46996 0.0828364 
  -0.601813 -0.522014 
   0.564689  0.952907   1.04651   1.29412   1.41987  0.988261   1.09557 
    1.20933   1.50725   1.60561   1.23635  0.433516  0.504253  0.473063 
   0.247513 -0.327272 -0.0470233   0.44923  0.620036    1.0218   1.30205 
   0.455445  0.172054   0.44785  0.333691  0.727533  0.429638  0.939462 
    1.17156   1.60903   1.85872   1.36606  0.966561  0.789474   1.20985 
    1.57867   1.67365 
  -0.530062  0.102518 -0.286742 0.00874698   0.59502   1.77128   2.00567 
     1.0471  0.462894  0.735877   1.25581   1.41172   1.91172   2.03055 
    1.76605   1.48377   1.29171   1.23803  0.862146  0.750569  0.978696 
   0.971838   0.63691   1.00102  0.563118  0.410684  0.379374  0.949707 
   0.998638  0.703992   1.36033   1.21749   1.10315  0.971115   1.22601 
    1.59012   1.45863 
   0.226729 -0.313327 -0.276414  0.192939  0.114216  0.163616  0.587757 
   0.587346  0.631018   0.96204   1.32026    1.4914   1.29621   1.38271 
    1.26334    1.4464    1.2336   1.22456   1.36282   1.89809   2.86413 
    2.65077   1.85525   1.70765  0.818776  0.761313  0.873243   1.10346 
    1.48757   2.10971   2.46946   3.18205   2.55741   3.82143   4.73919 
    3.91385   2.98575 
   0.539856     0.297  0.195242    0.3782   1.05152     1.705   1.95162 
    2.00047   2.07094    2.6697   2.86523   3.14754   2.82527    2.5119 
    2.40656   2.33843   2.63499   3.20472   3.18374    3.1834   3.32264 
    3.15259   2.45639   1.62636  0.486706  0.547732  0.596476  0.593302 
   0.164525  0.114928   0.13808 -0.0156335  0.112415   0.66499  0.828918 
    0.63183  0.695336 
  -0.105401  0.219899  0.529774  0.780731  0.413825 -0.381758 -0.652373 
  -0.607891 -0.386047   0.59155  0.996859  0.564019  0.369518   0.21742 
   0.113274 0.0141962 0.0249188  0.152149 -0.0656338 -0.371234   -0.2981 
  0.0371745     1.445   2.31806   2.58692   1.86743   1.72398   1.75088 
    2.05314   1.35275   1.18404   1.47382    1.4545   1.26416  0.774741 
   0.588386  0.617055 
    1.58504   2.07915   2.54864   2.56856   2.57019   1.59285   1.30283 
    1.51565   1.42932   1.50272   1.44035   0.61948  0.103756 -0.559865 
  -0.376759 -0.691226 -0.0332063  0.546396  0.917788   2.35256   2.34219 
  0.0152593  0.197564  0.429264  0.698833  0.910781   1.49429    1.1503 
   0.423038 -0.864534  -0.35254 -0.247076 -0.0017178 0.0360091  0.523418 
   0.143555 -0.111335 
  0.0617597  0.261358   1.02618  0.732126  0.311694  -1.11913 -0.648212 
  -0.615847 -0.183288  0.168731   1.00888  0.164129 -0.379346   0.37707 
   0.784724  0.211081 -0.675304 -0.230151  -1.01131  -1.64546  -1.70199 
   -1.95025  -1.55376 -0.650324 -0.238289 -0.130437 -0.574261 -0.361035 
  0.0460811 -0.156351  0.447312   1.25155   1.66657  0.927928   1.42846 
    0.90586  0.184196 
  -0.814428 -0.705748 -0.896449  -0.66111 -0.139889  -0.59708 0.0647181 
    1.17035   1.85648  0.983412   1.69801  0.938402 0.0143987 -0.0713033 
  -0.229849 -0.498599 -0.706612 -0.296169 -0.819785 -0.920776 -0.0183084 
      -9999  0.567433  0.605538     -9999  0.463916  0.702807  0.595591 
    1.08894   1.53995   1.56796  0.496488 -0.499589 -0.256269 -0.310107 
   0.233808  0.747647 
      -9999   0.63975  0.902538  0.927371   1.46072   1.47625   1.13914 
   0.153632 -0.378323 -0.495153 -0.0808629 -0.106918  0.390231  0.646053 
   0.715209   1.09111  -1.01169  -1.43381  -1.41114  -0.98389 -0.371432 
  -0.266026  0.169207  0.268222  0.658994   1.21394  0.544149   1.13633 
   0.787478  0.726717  0.535488   1.10302   1.33847  0.801993   1.25044 
   0.991959   1.69067 
   0.849723   1.03985 -0.190995  0.371298  0.127395   1.05248   0.99785 
    1.27574    1.6182   1.25731   1.74657  0.828126   1.70193   1.26033 
   0.112171  0.156831   1.39139   2.33327   1.74501  0.386067  0.803964 
   0.699734  0.601062  -1.04158 -0.752706  -1.67399  -1.01593 -0.155294 
  -0.510364  0.201621  0.424751  0.761626  0.849346  0.431482   0.82756 
    1.06788  0.788566 
   -1.26519  -1.95051  -1.67815 -0.501996 -0.877677   0.49197  0.546783 
    1.08346   1.11953  0.688819   1.12794   1.26132   1.07925   1.00539 
    1.54468   1.68596 -0.592577 -0.564331 -0.400908 -0.734389  -1.07722 
   -1.79616  -1.95005  -1.90578  -1.52482  -0.53653 -0.523628 -0.477123 
   -0.08353 -0.939844  -1.02171 -0.517489 -0.793048 -0.393122  -1.00546 
   -1.13116  -0.52113 
  0.0692464  0.942231  -1.04162  0.313005   0.46219  -0.54898 -0.809739 
  -0.326149 -0.656413 -0.170356 -0.800668   -1.1276  -1.12539  0.665189 
    1.64443   1.69037   1.32834  0.980426  0.266413  0.214326 -0.172206 
  -0.0799919 -0.179333  0.404148  0.616099  0.246557  0.600408  0.171923 
    1.36326   1.63716   1.78086    1.6086    1.4764   1.88445   0.63232 
    1.64095 0.0887427 
   0.873686  0.233995  0.277199 -0.327053  0.563654   1.13689   1.31151 
   0.729423  0.591979   1.04377 -0.426694  0.981308 -0.355024    1.2846 
  -0.575192 -0.930673 -0.563019  0.225371  0.168915 -0.0853833    1.0539 
    0.78158    0.3768  0.488487 0.0957798 -0.691568 -0.906764  -1.03192 
  -0.349614  0.332996   1.23909   1.80576   2.16686     1.002   1.03264 
    1.68433   2.01813 
    0.01587 -0.669387 -0.698951 -0.843053 -0.331024  0.497914   1.36805 
    1.32898    1.2061  0.754942  0.772931  0.794008  0.911178 -0.129674 
  0.0359699  0.320222   1.16879   1.73329  0.353907    1.4206   1.71118 
    1.85444  0.981519   1.31271   2.10364   1.31059   1.60419   1.73698 
     1.9537     1.821  0.852446  0.920195   1.51076  0.698583  0.725834 
     1.1902   1.57034 
    1.96537  0.707139  0.896845   1.18506   1.19601   1.23801  0.416961 
   0.244037  0.889024 0.000675617  0.295758  0.957398   1.38465  0.025755 
  -0.919878 -0.497485 -0.411725  -0.26475 -0.889197 -0.806693  -1.29216 
  -0.871546 -0.424323  0.120416  0.177931 -0.242159 -0.457043 -0.291919 
  -0.554625 -0.102226  0.370582  0.579908  0.787202  0.903157  0.845218 
     1.5456  0.492683 
     0.2673 -0.0704123 -0.153021 0.0963037 -0.361128 -0.00630747  0.113958 
   0.345351  0.943094   1.28743   1.12007   1.97374  0.677692   0.85781 
    0.91869  0.791845  0.745856   1.08592   1.06869  0.635596 -0.660068 
  -0.767741 -0.126212 -0.193795  0.368729 -0.217888  -0.62354 -0.257399 
   0.236998  0.502016   1.56434   2.00817   1.58659  0.804388    1.3053 
   0.792004  0.965887 
   0.784304  0.743771 -0.353928 -0.431085 -0.355578 -0.491093  0.745207 
    1.34653  0.722036   0.36325   1.31014   0.15277  0.605713   1.02597 
    1.51269   1.23792   1.29006   2.32328   1.70582 0.0364403  -0.46003 
   0.331432 -0.212663  0.576209  0.456396  0.319181 -0.153934 -0.596722 
  0.0238552  0.981097  0.763629  0.557115   1.11876   1.05969  0.223379 
  -0.191214 -0.219604 
   0.833866  0.680285 -0.207631    -1.237 -0.269391   1.14278  0.801545 
   0.300868  0.483702  0.799543  0.211022 -0.167581 -0.0761169  0.270302 
   0.126432 0.0831367 -0.385003 -0.538851   -0.6566 -0.331739 -0.611879 
  -0.856373  0.699492   1.05917  0.194973   1.34416  0.536402  0.525233 
   0.827785   1.26433   1.70515   2.16933   2.08447   1.44416   2.43663 
    1.90578   1.69834 
   0.696775   1.58419   0.22774 -0.339272  0.695064   1.46968   2.10291 
    2.34677   1.94122   1.15073   2.53347   1.57547  0.977033  0.984683 
     1.3203   1.25319  0.507191   0.43053   1.17111   1.56937   1.70605 
    1.41382  0.706616  -0.36605 -0.628977 -0.927186 -0.595711 -0.767452 
  -0.474591 -0.343687 -0.308151 -0.451576 -0.355504  0.251978  0.221205 
   0.458002  0.598537 
  -0.267902 -0.333319  0.161416 0.0148758  0.140032 -0.199795 -0.376331 
  -0.818615 -0.674394  0.239075  0.117431 -0.179541 -0.126941  0.125008 
   0.344412  0.434075  0.345507  0.358089  0.517116  0.977397   1.10318 
   0.929257   1.27401  0.949997  0.169124 -0.367302 -0.375047 -0.455649 
  -0.528855 -0.824058  -0.92778  -1.31491   -1.6732  -2.01114  -1.66345 
    -1.6265  -1.66931 
    1.11546  0.366678 -0.310819  -0.42048 -0.146156  -1.51406  -2.01059 
   -2.12923  -2.03951  -2.41291  -1.64115  -1.45647  -1.90666  -1.78885 
   -1.59138  -1.49821  -1.54768  -1.62609  -1.49171   -1.2991  -1.37192 
   -1.68586  -2.02126  -2.05725  -1.90061  -1.55654   -1.7608   -1.8882 
   -2.03044  -1.93622  -1.65705  -1.40558  -1.49039  -1.65852  -1.47123 
   -1.04982 -0.777577 
   -1.70651  -1.44961  -1.63891  -1.96208  -1.98015  -1.93423  -1.84833 
   -1.82059  -1.79932  -1.80826  -1.73289  -1.33538 -0.790778 -0.432678 
  -0.0702661 -0.151332 -0.165524 -0.724088 -0.122603 -0.235565 -0.671151 
  -0.636492 -0.781564  -1.52184   -1.3792  -1.18933  -1.23515  -1.14716 
  -0.975271 -0.605963 -0.511301 -0.359394 -0.00792783 -0.360556  0.223084 
   0.401867  0.664737 
   0.411137 0.0700237 -0.0144654 -0.0981902  -0.14343  0.263935  0.709166 
   0.772144   1.17702  0.937532   1.15281   1.20133   1.33357   1.47668 
    1.83712   2.10904   1.63087   1.05279   1.36816   1.63762   1.40314 
    1.72228   1.01016 -0.376103 -0.391075  0.030245  0.366556 -0.0834833 
  -0.0543619  0.106184  -1.17106  -1.02186  -1.51553  -1.15952 -0.924903 
  -0.0594976  0.461698 
  -0.253361  0.713786  0.834906 0.0443499 0.0853253  0.388479  -1.49542 
    -1.7417  -2.26719  -1.35983  -0.99607 0.0230214  0.659662  0.549274 
   0.121296  -0.20493 -0.0378544  0.454204   0.77703  0.980166    1.2324 
    1.24756   1.20036   1.65285   1.54343   1.62342   2.37255   1.70966 
     2.5611   3.00354   1.70425   2.75254     -9999   3.38417   2.41373 
    2.70839   1.76052
