-0.202271 -0.380869   1.00706 0.0311375 0.0728174 -0.222988 0.0369805 
  -0.021124   1.08888   1.72589   1.26461  0.628103   1.03252  -0.15224 
  -0.500343  -0.18705  0.212348  0.550521 -0.127434 0.0798683 -0.705127 
    -1.4539  -1.64409  -1.50781  -1.34658  -1.34326  -1.26278 -0.922626 
  -0.763438 -0.618291  0.198399  0.597764  0.948456   1.45315   1.19913 
    1.57056   1.75016 
  -0.848957  -0.62634 -0.419911 -0.289546 -0.344229 -0.226637  0.514501 
   0.868457   1.09752   1.53758  0.987994   1.26281   1.44533   1.68471 
     2.0559   2.41954   2.34801   1.99391   1.41145   1.56814  0.679173 
   0.358911  0.316446  0.500739 0.0159555  0.947152  0.637498  0.760187 
   0.577778  0.523581  0.689918  0.297224  0.134458 -0.239219 0.0413849 
  0.0841749 -0.161463 
   -1.08854  0.346016 -0.093616 -0.091523 -0.287792 -0.103466  0.318538 
  0.00657663 -0.0797025 -0.545041 -0.276193   -0.1813 -0.445391 0.0480791 
   0.210056  0.172565  0.126014  0.395102  0.399791 -0.395107 -0.398077 
  -0.255595 -0.333963   1.93073   1.52164   1.76804  0.578624  0.271083 
   0.119215 -0.135218  0.141745  0.530151  0.526996  0.476662  0.114202 
   0.205024 -0.0704859 
  -0.116048   1.41102  0.595975  0.553523  0.641729  0.116462   0.33192 
   0.714084  0.786793  0.914442  0.406666    0.5345  0.211096  0.577368 
    -0.0364  0.261946 -0.254535  0.226863 -0.201416 -0.0239582 -0.594562 
   0.415923  0.467554  0.131716   1.02099   1.32715  0.572249  0.312436 
  -0.367382  0.721836   1.32387   1.12454 -0.498573  -1.31768  -1.19711 
  -0.937668 -0.751086 
    1.21403     1.749   1.18666   1.02135  0.238184  0.730763    1.0082 
    0.58808 -0.819317  -1.48274  -1.67435  -1.63227  -1.72903  -1.21268 
   -1.10187  -1.21645  -1.40595 -0.887545 0.0321579  0.420159 -0.128271 
  -0.394926 -0.0427628  0.438077  0.590964   1.03946  0.958763  0.381222 
   0.899086  0.253993  0.785531   1.06578  0.627286 0.0113563  0.497183 
   0.399145  0.684477 
   0.530145   1.54953   2.33279   1.85688   2.23269  0.785056  0.695359 
   0.150377 -0.574202  -0.76339  0.209934  0.221508  0.154829 -0.946077 
  -0.436772  -1.03937  -1.89426  -2.41138  -1.73496  -1.06617 -0.688342 
  -0.0601147 -0.120564 -0.220084   1.28309   1.60434  0.376325  0.216697 
  -0.0287331  -0.06669  0.515577  0.626031  0.961295  0.410248  0.612568 
   0.951733  0.711111 
    1.46093    1.7715   1.05465   1.14302  0.931522  0.391548  0.802557 
   0.789457   1.28104   1.28748   1.49684   1.88217   1.77695   2.14978 
    2.48693   2.57352    2.5848   2.33742   1.67938   1.32979  0.656752 
     0.9311   1.11919  0.926877  0.555503   0.15193  0.279787  0.872755 
   0.692633   1.02105   1.07958   1.07459   1.00869  0.906009   1.24841 
    1.01584  0.614807 
    1.42282  0.100868 -0.0164995   1.71667    1.4676   1.16629  0.876622 
    1.13551   1.28175   1.20638   1.80074   1.65104     1.122   1.20621 
      -1.32  -1.01118 -0.749409  -1.31694  -1.45572 -0.846933  -0.40753 
  -0.483413  0.186074  0.170783 -0.623749  -0.55753 -0.477651 -0.624336 
  -0.393774  0.470377  0.629588   1.19763   1.16084   1.34257   1.60834 
     1.9921 -0.396163 
    -0.9045 -0.424891 -0.344936 -0.0134362  0.594408   1.40764   1.28718 
    1.03323  0.643553   1.10813    0.7283  0.752838 -0.905258  -1.24989 
  -0.0419002  -1.09693 -0.375355 -0.0786944  0.922752  0.559592 -0.951811 
   -1.04545 -0.243874  -0.66314 -8.42654e-05  0.408554  0.716784 -0.959122 
  -0.703398  -0.18712 -0.0901373 -0.0437605 -0.0361896 -0.624949  0.451124 
    0.10627   -0.1692 
  -0.862349 -0.137893  0.519903  -1.54282  -1.03382 -0.147303 0.0126986 
  -0.416599 -0.640713  -1.20885 -0.664306 -0.961365  -1.13666  -1.04568 
   -1.40007 -0.420909  -0.24482 0.0166081 -0.134532 -0.241474  -1.70785 
   -1.62344  0.130738 -0.840719 -0.793722  -0.85316 -0.673541 -0.902747 
   -1.30052 -0.603752 -0.291897   0.10472  0.217983  0.436634  0.919334 
   0.995295  0.962057 
     -1.708  -1.64821  -1.02818 -0.607645  -1.13184 -0.0664627 -0.0650546 
  -0.572199  -0.82918  0.671259   1.00218  0.811568  0.782009   1.13763 
      1.601   1.72444   1.12612  0.980812 0.0792544 -0.566483 -0.454936 
   0.244916  0.974621   1.12225    1.4053   1.60314   1.49014   1.76832 
    1.90525    2.1413   2.81566   2.55661   1.95516    1.5915   1.83978 
    1.11048  0.278968 
    1.74837   2.57566     -9999     -9999     -9999     -9999     -9999 
    2.24159   1.19325   2.53508   2.06134  0.764522 -0.149133 -0.785484 
  -0.692328 -0.420907 -0.306345 -0.802042   -1.4252  -0.51579  0.511694 
   0.901111  0.983224   1.14266   1.24447  0.900101  0.283213 -0.0671792 
   -0.26365 -0.536064 -0.755189 -0.739855 -0.684893 -0.590871 -0.290382 
  -0.287059 -0.352319 
   0.268529  0.162322 -0.0992362 -0.311964 -0.535387 -0.772572 -0.896529 
  -0.753355 -0.641034 -0.763719 -0.557968  -0.54923  -0.67891 -0.627562 
  -0.343566 -0.612243 -0.963407 -0.737318  -2.38236  -3.06098  -1.98733 
   -1.05452  -0.50354  0.266742  0.948017    1.2781  0.247438 -0.0308974 
   0.050453  0.148732 0.0362332 -0.328417 -0.197745 -0.297522 0.0408213 
   -1.29112  -0.90222 
   0.855284   1.26511  0.344302 -0.110432 -0.152598   -0.2159 -0.875689 
   -1.53674  -1.30415  -1.15933 -0.940485  -2.07028  -1.66527 0.0131642 
  -0.823518  -1.69889 -0.891308 -0.916018 -0.598872   0.28175  -1.78623 
  -0.553307   0.81117 -0.337954  0.393084   1.70589   1.61002   1.41328 
   0.834509   1.62463   1.98784   1.10888   1.18779    1.6452   1.85112 
    1.58551   2.13888 
   0.721506   2.37865   2.32607   2.38725    1.0531   1.91584    2.0052 
    1.00015  0.802609   1.02725   1.11221  0.878921   1.60401   1.51656 
    1.84666   1.31317    2.1791 -0.084431  0.540159  0.709047  0.154852 
   0.994401   1.15009  0.781013  0.790924  0.930128  0.649447  0.369692 
   0.204771  0.144623  0.122154  0.411832  0.263288 -0.00944279 -0.523581 
  -0.706122 0.00022904 
   0.134994  0.442972  0.417218  0.278006  0.175571 -0.250293 -0.843739 
   -0.84303  -0.97524 -0.928539  -1.06703  -1.18072 -0.602507 0.0632124 
    1.10512   2.00027   1.81502   2.47484   1.79328  0.446062 -0.413552 
   0.312936   1.66582   2.56413   2.11722   2.15375   1.95724   1.50502 
    1.50014   2.33474   2.53294   2.41541   2.57914    2.0462   2.38669 
    2.48183   2.04645 
     1.7189   1.68832   1.79965   1.59846   1.70486   2.45356   2.35116 
    1.59615    1.1571  0.365673  0.259413  0.345169 -0.192376 -0.382132 
   0.635445  0.832844     2.022   1.45089   1.21971    0.4904 -0.735848 
  -0.792846 -0.613456 0.0602611 -0.653343 -0.294586  0.211482 -0.0123939 
   0.122094  0.668952  0.843753  0.973405  0.969807  0.968073   1.44089 
    1.21147  0.887322 
  -0.0211388  0.900193   1.44371  0.405637  0.582251    1.7774   1.97178 
    1.83391   1.38444   1.34351   1.51192   1.54423   1.33497   1.30932 
     1.6012   2.31291   2.42523   2.50097   2.41731     2.675   2.38695 
    1.46665  0.853473   1.03477  0.765806  0.581077  0.302646  0.559929 
   0.741246  0.858318    1.0534   1.05416   1.30855   1.02934  0.998679 
   0.959481  0.867729 
    1.37342   0.72535  0.335275  0.445048  0.584867  0.968386   1.00751 
   0.928098  0.941356  0.811855  0.757446  0.803867  0.677251  0.778242 
    1.05013    1.4958   1.69723   1.95394   1.67882   1.25056   0.67998 
  -0.328406 -0.201452 -0.256691  0.045634  0.287303  0.264653   0.41268 
   0.983699    1.1661  0.809063   1.00154  0.984957  0.928485   0.78796 
   0.367485  0.213343 
    0.15077 0.0197919 0.0354086 -0.0603416  0.387063  0.778093  0.370761 
   0.738634  0.736939  0.408699  0.119615 0.0813756  0.106818 -0.067274 
   0.288155  0.319009  0.368775  0.573532  0.456227  0.132242 -0.293349 
    1.05178   1.78741   1.92817   1.18301  0.934727   1.10132   1.43524 
   0.581682 -0.0404379  0.227321  0.430181  0.193113  0.445736  0.664935 
    1.39802 -0.254541 
   0.961157  0.515734   0.84939   1.11921   0.70817  0.276109  0.422043 
  -0.227765  -0.89315 -0.806986 -0.464881 0.0613144  -1.39669 -0.0161108 
  -0.641545  -1.11605  -1.04704  -0.72505 -0.571349  0.620222  0.718176 
    2.41492    2.5914   1.93509   1.12967  -1.88882  -0.81528  0.362334 
   0.164039   1.30271  0.835936   0.83955   1.72365   1.91908   1.93902 
    1.12451   1.73463 
   0.427537  -2.32837  -0.95779  0.708871   0.37329  0.849242  0.202782 
  0.0269824   0.46028  0.412014  0.388443 -0.448994 0.0188147  0.204337 
   0.635646  0.469956   0.45158   1.52905   2.51248   2.50467   1.74465 
    1.64243    1.7515    1.4916    0.2828   1.88555   1.79645   1.13096 
     1.0753  0.527452 0.0850672  0.856672   1.28055  0.800453  0.406031 
    1.32502   1.75605 
   -0.23402   1.40537   1.47875  0.950806  0.760813  0.466982 -0.100979 
  -0.107231 0.00170219 -0.303469 -0.384044  0.178843  0.390005 -0.106575 
  0.0574306   1.16225   1.23505   1.58448  0.718784  0.456564  0.184639 
   0.314419 0.0744182  0.298955   1.13534   1.03057     1.295  0.945529 
   0.479544  0.228264   1.11486   1.51797   1.25843   1.19117  0.382328 
    0.41067   1.79643 
   0.820091  0.870733   1.26477  0.860726  0.229349  0.440932   1.33621 
    1.13605  0.520155  0.279644 -0.133188   -0.1635  0.976426   1.81067 
    1.78605   1.59449    1.2662  0.676031   1.06945  0.639514 -0.151349 
   0.440183   1.21111   2.26111   1.37018   1.26799  0.639595  0.594781 
    0.63372  0.988716   1.24971   1.90809   2.20726   2.18183   2.08565 
    2.33973   2.50887 
    0.92721   1.21678  0.421664  0.409129  0.244721  0.447355  0.468158 
   0.982792   1.10342  0.685164  0.429792   0.55985   0.67789  0.699637 
   0.936309   1.28452   1.72695    1.9658   2.14504   1.72223  0.936193 
   0.934484  0.681981  0.996961  0.527567  0.311555 0.0552065  0.113595 
    0.74077   1.12222    1.6261   1.77791   1.75944   1.15975    1.1881 
   0.694756 -0.418149 
   0.832621  0.477908 -0.201394 0.0738393  0.699814  0.781341  0.801891 
    1.05796  0.887073 -0.152893 -0.149841 0.00687216 -0.649397 -0.0143348 
  -0.246257 -0.268702 -0.224181 0.0334127  0.272399  0.270626  0.868618 
    1.30931   2.00951   1.08301   0.85671  0.845284   1.13102   1.04545 
     1.2182   1.67606    2.3511   3.10335     -9999     -9999     -9999 
    3.13523   2.64453 
   0.640851  0.683426  0.901949   1.26844    1.6131   1.91222    1.8226 
    2.25209   2.34869   2.21436    2.2344   2.43475   2.54737   2.68415 
    2.90273   3.03807   2.64398   1.90764  0.944866  0.459234  0.184552 
   0.788332   1.05288   1.70638   1.97264   3.11654   2.60294   3.16231 
    3.09107   3.12144    3.3297   3.63643   3.37235   3.22948   3.13054 
     2.9035   2.12849 
    1.25592   2.10663   1.63833   2.03509   1.75479    1.5865   1.45188 
    1.58848   1.51875   1.24185   1.11628   1.22552   1.04158  0.725892 
    0.86513  0.834497  0.470603  0.478235  0.499208  0.569808  0.975103 
    1.06172   1.15216   1.02076   1.06531   1.48398   1.72611   1.81534 
    1.92988   1.92589   1.88023   1.68913   1.90417   1.72078   1.57783 
    1.59902   1.56508 
   0.580086  0.836919   1.11137   1.41698   1.55507    1.4959   1.30454 
    1.18882   1.57784   1.22207    0.9689   1.28342   1.20609   1.02063 
    1.81037   1.97115   1.67126   1.38945   1.57463   2.05397   2.39731 
    1.98146   1.56407  0.993093   1.19801   1.25626   1.57929   1.47438 
    1.49735   1.33233   1.19733   1.26013   1.24876   1.17479   1.04992 
    1.03963  0.607518 
    1.47826   1.25035   1.39919   1.30331   1.35795   1.30765   1.14976 
    1.52998   1.60048   1.00721  0.699617  0.696684  0.497965  0.230481 
   0.986255   1.47516   1.10031   1.62666   1.60111   1.97773   2.40294 
    2.01747   1.44079   1.29096   1.59075   1.55106   1.20661  0.249903 
  -0.00459823 -0.0222347  0.207751   0.29856 -0.0241075 -0.640064 -0.360487 
  -0.680025  -1.04871 
   0.896914   1.27819  0.989968 0.0334309 -0.105324 0.00571035  0.405928 
   0.512677 0.0600689 -0.670275 -0.443977 -0.699063 -0.902862   -0.8022 
  -0.191779 -0.346007 0.0936199  0.325836  0.366305  -0.43258 -0.513654 
  -0.479544 -0.608576 -0.458676  0.678494   1.19393  0.774353  0.797367 
   0.956323  0.335191  0.263889   1.00733   1.01388  0.928187  0.856312 
    1.17113 -0.433019 
   0.476023   1.18113  0.748435   1.06844   1.40848  0.501631  0.204824 
    1.03763  0.840972  0.633905  0.675054   1.13047 -0.461303 -0.552232 
  -0.212759  0.886614  0.830838   1.00762   1.01028  0.403858  0.438278 
   0.616373  0.492148   0.66607  0.925556   1.03778   1.18869  0.992025 
   0.906768  0.292632  0.498799  0.497901  0.660578   1.13105   1.22206 
    1.20946   1.38341 
   0.705102  0.963747  0.948415  0.690506  0.577905 -0.0931596 -0.203362 
  -0.271013 -0.0991973  0.332403  0.357002  0.270747   0.51122  0.784664 
    1.25452   1.55443   1.71867   1.80142   1.66325   1.90951   2.16592 
    2.51263   2.33159   1.95238   1.65242   1.27211   1.32552   1.43832 
    2.18941   2.20571   2.45809   2.85711   3.11773   2.95687   2.78652 
    3.28241    4.1678 
     2.0883   1.75264   1.59422   1.66399   2.32999   2.01595   2.00222 
    2.24073   2.05019   1.85637   1.76257   2.27774   2.39419   2.38148 
    2.55484   2.82297   2.79808   2.83588   3.04778   3.12292   3.15005 
    3.11714   2.54611   2.00698   1.58582   1.27493   1.10673   1.16378 
     1.3352   1.22845   1.14835   1.34349   1.33949    1.3277   1.41537 
    1.46428   1.55405 
   0.661271  0.791215  0.709693  0.994773   1.37013   1.25311  0.898633 
    1.14881  0.805091  0.683458  0.833161   1.16138   1.46951   1.45421 
    1.36733   1.46193   1.40096   1.65456   1.91922    2.3386   2.32952 
    2.35144   1.72795   1.48609   1.46056   1.50571   1.44827   1.21693 
   0.375216  0.088626 0.0956624  0.438876   0.75137  0.766275   1.08859 
    1.02723   1.03922 
   0.324606   1.07604   1.02036    1.0986  0.409906  0.090468  0.484981 
   0.643206    0.7479  0.479237  0.841119  0.743288  0.761705  -1.82748 
  -0.617787  -1.82806   -2.1729  0.292757 -0.548089 -0.400578  0.150035 
   0.273228  0.658752  0.439126  0.596728   1.53789   1.09575  0.672191 
   0.410596 -0.840446  -1.20314  -1.16602  -1.16691  -1.38369 -0.244276 
   0.297907  0.296333 
  -0.397998   1.05873  0.510808  0.378234   0.47953 -0.450778   -0.5963 
  -0.485098 -0.401489 -0.696535  0.361514  0.865293  0.812424  0.668243 
   0.936959  0.903129  0.171481  -1.67079 -0.0790295  0.316958 -0.655614 
  -0.573948  0.187178  0.515416   1.22388   1.73965   1.84097   1.80249 
    1.90148   2.29028   2.35835   2.47649   2.51737   2.52161    2.4371 
    1.73032   1.72753 
   0.745515   1.45213   1.53562   1.65621   1.84274   2.04374   1.93954 
    2.10255   2.35234   2.49827   2.42669   1.32016   1.23781    1.3228 
    1.43377   1.59245   1.51357   1.26069   1.06906   1.17732   1.40819 
    1.65041     1.447   1.10607  0.811967   0.43225 0.0561972  0.484722 
    0.46195  0.231344   0.56479  0.394117  0.597136  0.773228  0.688282 
   0.781021  0.744907 
   0.483641  0.385873  0.326952   1.12228   1.42487   0.91572  0.904974 
   0.590573  0.631878  0.739875  0.555153   0.58024  0.442555 -0.519832 
  -0.700224 -0.950921  -1.56429  -1.77678 -0.941401 -0.989262 -0.856393 
   0.112607 -0.176298  0.527061  0.258982   1.44622   1.26278    1.3706 
   0.668448   0.32784  0.480408  0.335553  0.461952  0.294905  0.724052 
   0.457226  0.261841 
   0.311486   1.39317   1.36367   1.28259   0.45083 -0.0632327  0.125633 
  -0.0441482 0.0438183 -0.131456  0.618525  0.413426  0.268768 -0.401501 
    -1.1945 -0.920266  -2.10247  -1.21296  -1.80348  -1.41801  -1.72061 
   -1.57361 -0.943357  0.135801  0.201442   1.05539   1.26121    1.0267 
   0.746853   1.10899  0.428633  0.313784  0.485432  -0.75105 -0.972525 
  -0.935942 -0.0356357 
   0.843198   1.71684   1.67168   1.59705   1.17381    1.5514  0.664088 
   0.453824  0.500439  -1.25722  -1.46238  -1.23016 -0.0730732 -0.338151 
   0.727398  -1.12253 -0.744233  -1.02588  -2.36309  -3.10965  -3.18161 
   -2.70452  -1.83965  -1.41826 -0.649499 -0.182731  0.241269  0.542217 
   0.598709  0.470687  0.466986 -0.056902  -0.81846  -1.07866 -0.528979 
  -0.666787 -0.905895 
   -1.17811 -0.377219    0.2028  0.450518   0.57707  0.593256  0.691709 
   0.139901 -0.612709  -0.91298 -0.272013 -0.476548 -0.810109 -0.774229 
  -0.673497 -0.324455 -0.0884993   -0.8132 -0.732616 -0.943938 -0.913388 
   -2.13482  -2.44234  -3.16436   -2.6179  -2.51126  -1.89015  -1.90733 
   -2.62785  -2.56035  -2.38538   -2.1179   -2.4821  -2.13456   -1.9739 
   -1.68986  -1.27062 
   -3.25957  -3.18807  -2.41163   -2.5415     -9999  -3.19084  -2.72006 
   -3.79867     -9999  -2.53507  -2.67039  -2.36111  -1.93301  -3.36516 
      -9999  -3.09579  -3.19606     -9999     -9999  -3.16594 -0.0384358 
  -0.814469  -1.25223  -2.12718  -2.36666 -0.375639 -0.464739 -0.397164 
  -0.540477 -0.220154 -0.956163 -0.965499  -1.18945 -0.668072 -0.560956 
  -0.740111 -0.0666592 
    -2.4046 -0.568524 -0.722626 -0.822335  -1.04867 -0.482986  -1.09459 
   -1.19805  -1.67854  -1.15919 -0.911138  -1.35453 -0.395603 0.0191648 
     0.3567  0.822384   1.18336   1.12756   1.09809   1.45215   1.50541 
    1.72019   1.59045    1.4786    1.4228   1.28461    1.3491   1.11357 
   0.391584  0.102872 -0.106001 -0.0984994 0.0131516 -0.150206 -0.565823 
  -0.532671 -0.461336 
     0.9947   1.02292   1.36475   1.11433  0.117115 -0.0775129 -0.429137 
  -0.338246 0.0104044 0.0628331 -0.253276 -0.0986749  0.114158 -0.134245 
  -0.135827 -0.506185 0.0961467 -0.0964445 -0.0739577 -0.174467  -1.27132 
  -0.760521 -0.593493  0.466515   1.03434  0.975228   1.00444  0.658995 
  -0.119774 -0.555238 -0.384041 -0.0611974  0.278025 -0.578214 0.0557927 
  -0.405473 -0.531365 
    0.44777  0.750591  0.611914    0.2549 -0.429088   -1.0133 -0.976929 
  -0.524975 0.0424046    -1.141 -0.181732 -0.730068 -0.748248 -0.393648 
     0.4816  0.573855  0.140093 -0.626722 -0.964619  -0.84037 -0.503869 
  -0.453723 -0.375555  0.507453  0.284172  -0.37444 -0.435636 -0.692997 
  -0.616459 -0.809115 -0.183772  -0.14032 -0.230933 -0.0183286 0.0211964 
  -0.900079 -0.423169 
   0.297508 -0.314281 -0.327128 -0.649011 -0.616622 -0.852121 -0.215346 
  -0.208573 -0.280085 -0.0956953 0.0206946 -0.751667 -0.0831651   0.10772 
  -0.107248  0.308521 -0.0671359 -0.410648 -0.244243 -0.0140475 -0.504942 
  -0.448219 -0.448734 -0.416224  0.306721  0.389814  0.481143  0.610641 
  -0.271711 -0.435103 -0.359755 -0.466286 -0.596112 -0.709063 -0.613595 
  -0.550865  -1.21356 
   0.157178  0.438679  0.514394  0.663071 -0.722703 -0.804688 -0.773844 
  -0.730834 -0.666862 -0.680372 -0.559778 -0.484361  -1.13723  -1.13493 
   -1.47682  -1.22223  -1.09854 -0.986066 -0.724262 -0.444694 -0.0914414 
  -0.284977 -0.107019 -0.159636 0.0515758  0.134672  0.243279 0.0689231 
  0.0281717 -0.120759 -0.207569 -0.031589   0.10747  0.129164  0.204568 
   0.425212  0.378702 
  -0.531799 -0.273001 0.0025556 0.0386134  0.266612  0.452081  0.533168 
   0.616467  0.598965  0.413248   0.27782  0.317855 0.00859159 -0.147539 
  -0.134471  0.023754 -0.111014  -1.10822  -1.47746  -1.12076 -0.692263 
  -0.489704  0.004588   0.34136  0.448954 -0.113536 -0.137826    0.1135 
   0.151312 0.0366474 -0.014819  0.304242 -0.190146 -0.450386 -0.198251 
  0.0483485 -0.510663 
   0.213733 -0.375417 -0.242548  0.172343  0.271642  0.272173  0.521631 
   0.961453  0.470406  0.271687  0.450268   0.58128  0.150069  0.635657 
   0.497799   0.46976  0.615626  0.709923 0.0729954  0.402674  0.406958 
  -0.0910599 -0.527486  0.360569   1.22587   1.19698   1.16634   1.31225 
   0.908401   1.23208   1.56991  0.092436  0.578469  0.357223  0.290401 
  -0.261345 -0.704741 
    1.47917   1.48466   1.39177   1.32467  0.925677  0.976237   1.34807 
  0.0315714  0.458003   0.10367 -0.260296 -0.997391  -1.34762  -1.02166 
  -0.786493 -0.706573 -0.280125  0.238187  0.322185  0.684432  0.372989 
   0.460906  0.839017   1.46312   1.48507   1.72999    1.3936   0.82743 
   0.242839  0.884676   1.32738   1.62496  0.904721   1.37825   1.81078 
     1.5331  0.985909 
    1.02474   1.56569   1.41551  0.967427  0.252541   1.01714   1.38691 
    1.65711  0.723477   1.23231   1.56518   1.13609  0.565698 -0.562782 
  -0.750924 -0.577615 -0.00214078 -0.307421 -0.558101 -0.540627   -0.2599 
  -0.343046 -0.197231 -0.226575 -0.0947351 -0.552078  0.127601 -0.445311 
  -0.277809  0.270873  0.617028   1.41975    1.5025  0.814962 -0.0406063 
  -0.317332  -1.14214 
   0.126996 -0.417345  0.359731 -0.356737 -0.571884 -0.119173 -0.0269088 
     1.0064   1.20205  0.493693 -0.309348 -0.396778 -0.921313 -0.814206 
  -0.723579 -0.666214 -0.0947748 -0.488015  0.192326    2.0234   1.64249 
   0.502947  0.227103  0.444186  0.733454  0.343779  0.912101  0.844005 
   0.345335   0.66648 -0.645934  0.574935  0.140126   0.40274 0.0506107 
   0.180033 -0.0373224 
   0.973682  0.695846   1.36275   1.32383  0.878289   1.00388 -0.382429 
   0.795548  0.381139  0.605593  0.236409  0.293356 0.0877255  0.688947 
    1.01931  0.662694  0.282132 -0.0662918  0.749578   1.16173   1.34966 
    1.21458   1.13864  0.986223  0.246889 0.0837302 -0.0822325 -0.245104 
    -1.0549  0.550297   1.07018  0.243172  0.993489  0.690726  0.776045 
    -0.6668 -0.842279 
  -0.255267 -0.338239 -0.402169 -0.343525  -1.03161  0.141569   0.36368 
  -0.288844  0.349903  0.180482  0.342256 -0.719176 -0.768772   0.36614 
   0.489112   1.56117   1.60459  -1.16413 -0.826607  0.124164 -0.0118196 
   0.553455   0.46575  0.691497  0.816252 -0.372483 -0.329787  -0.41826 
  -0.739978 -0.570827 -0.344149 -0.606338 0.0438793  0.646084 -0.346035 
  -0.456732 -0.363943 
   0.688611 -0.524058 -0.530125 -0.675489 -0.974515 -0.715259 -0.367615 
  -0.719479  0.031826   0.67059 -0.489658 -0.658099  -0.62742   -1.0166 
  -0.941589 -0.981721  -0.75361 -0.666522  -1.01512 -0.303667 0.00905865 
  -0.657723 -0.237365 -0.417978 -0.201803 -0.578492 -0.823655 -0.766567 
   -0.70181 -0.701411 -0.510271 -0.649126 -0.611338 0.0939856  0.282753 
   0.395014   0.11189 
  -0.598212 -0.761768  -1.00547 -0.891747 -0.871839  -1.06733 -0.721315 
  -0.696863 -0.529308  0.159094  0.385537  0.563094  0.287733 -0.545333 
   0.410959  0.802298  0.798654 0.0212061  0.108281  0.367871   0.37099 
   0.288685 -0.443226  -2.13146  -2.24201  -1.61987 -0.842536 -0.190652 
  -0.695656  0.663606  0.311205  0.204629 -0.479166 -0.499181  0.488119 
   0.903241  0.283905 
   -2.38814  -1.86808  -1.74277  -1.22492  -2.01407  0.277289 -0.627817 
  -0.999242  -1.65347  -1.47872 -0.221354  0.323124 -0.333702  -0.55789 
  0.0325287 -0.248071  0.560452  0.694415  -1.16091 -0.790462 0.0482732 
  -0.330631 -0.939489 -0.213795     0.275 -0.657963 -0.0900082 -0.0925304 
  -0.173158 -0.607777 0.0317572 -0.224299 0.0369136  0.618596  0.404167 
    1.02754   0.68128 
  -0.312811  -1.27256 -0.277366 -0.306366 -0.593928 -0.786602 -0.0204634 
  -0.475445 -0.231873    0.3749 0.00507044  0.443043 0.0840049 -0.163824 
   -1.02838 -0.492901 -0.411994 -0.318242  -1.03144 -0.221371 -0.307711 
  -0.260718 -0.437804  0.365559   1.00208   0.86439  0.723355  0.714767 
   0.822722  0.391919  0.979006  0.719751  0.701213 -0.360228 -0.825316 
  -0.194734  -0.69204 
    1.28626   1.41841   1.19237  0.816695  0.988637  0.669971   1.03316 
   0.442861  0.326341 -0.615617  -1.21203 -0.454267 -0.769476  -0.88489 
   -1.23865  -1.14428 -0.840015 -0.952805  -1.07562 -0.621994 -0.460311 
  -0.365766 -0.0681926  0.305148  0.592111   1.50336   1.17226   1.30187 
    1.08825  0.930332  0.940054  0.414236 0.0711152 -0.123026 -0.181426 
  0.0156092 -0.089125 
   0.662179   2.06365   2.46025   2.39304    1.7912   2.21048   2.41554 
    1.41282  0.887387  0.765884  0.762513   1.15386   1.22409  0.967595 
     1.1362  0.852884   0.69732  0.525676  0.559641   1.61856  0.815951 
   0.290469 0.0939157 -0.447132 -0.205056  0.765425 -0.0766741  0.419684 
  0.0453517 -0.247144 -0.142132 -0.0906485 0.0120915  0.170895  0.588273 
   0.182458  0.846743
