0.356264 -0.0495956  0.462814  0.912869  0.972799   1.10221   1.12201 
  -0.0929777  0.642494  0.931898  0.812621  0.640548  0.801821  0.964011 
    1.08478   1.67786   1.64115   1.23054  0.818383  0.223246  0.157721 
  -0.559625  -1.12338  -1.09579  -1.19785  -1.14865  -1.29526  -1.28817 
   -1.25074 -0.468366 -0.0971897  0.181558  0.162529  0.100475 -0.801518 
  -0.0699742  -0.30912 
   -1.44729  -1.74669  -1.97963  -1.84883  -2.22768   -1.6567  -0.85602 
  -0.427034 -0.565293 -0.717683  -1.72876 -0.727354 -0.921159 -0.939065 
  -0.385225  0.338551  0.229297  0.311891  0.286969    0.5946   1.45828 
    1.60794 -0.208825 -0.296501  0.387357  0.458087  0.572419  0.390795 
   0.540997  0.944577   1.32142   1.39673   1.40852    1.1805   1.22916 
    1.36146   1.13146 
    0.31727  0.510772  0.284684 -0.120985  0.309597   1.18464   1.35657 
    1.34352   1.35382   1.16997   1.34876   1.50394   1.10925  0.741866 
   0.140517  0.158626 -0.187357 -0.853697 -0.771773 -0.662417 -0.822128 
  -0.899504 -0.951331  0.037086   2.35724   1.91458   2.11719   2.40795 
     1.6643   1.59583   2.35028   2.01814   1.61402   1.27621  0.171701 
  -0.290961 -0.793397 
    2.20108   2.06391   2.08926    2.2476   1.70833   2.08877   2.64353 
    2.54666   2.32652   1.77804  0.384405 -0.456937  -1.41878   -2.3732 
   -3.14519  -3.64108  -2.46431  -1.93765   -1.9015  -1.21846 -0.924266 
   -1.13269  0.863412  0.789881  0.166341 0.0297257 -0.231828 -0.341498 
   -0.16767 -0.260175  0.394787  0.590761  0.349554 -0.0983872 -0.132403 
  -0.333797 -0.491621 
   0.645153  0.286695 -0.0647799 -0.0478086  0.182585 0.0456663  0.719438 
   0.770356  0.467153 0.0658229  0.169781 -0.248297 -0.543978  -1.04547 
  -0.617549 -0.474679 -0.302996 -0.627561 -0.567425 -0.232757 -0.091978 
   0.306612  0.146299  0.281421  0.110314  0.016041 -0.0646284  0.230224 
   -0.62429 -0.228232  0.584622  0.469519   1.32406   1.28847   1.00467 
    1.21967   1.02295 
   0.271593 0.0655049 -0.259491 -0.165653 -0.936853 -0.564292 -0.405974 
  -0.652394  0.248532 0.0487478 -0.219468 -0.041899 -0.0493737 -0.249258 
  -0.185915 0.0298136 0.000698327 0.0269803 -0.122401 0.0769607  0.120591 
  -0.328016   -0.2069  0.486333  0.997527   2.00634 -0.225095  -1.75852 
   -1.30684  -1.29563  -1.32013  -1.04573   -1.3063  -1.30297  -1.09326 
   -0.61005 -0.405929 
  0.00141369   1.07927 -0.0822036  0.752757  0.669529 -0.520628 -0.916354 
  -0.379338 -0.893533  -1.40565  -1.52707 -0.998577    -1.011 -0.708238 
   0.111959   0.74135   1.12434   1.41542   1.28062   1.84628   1.89155 
    1.60162  0.897901  0.275166  0.316384  0.395197   0.52616  0.774901 
   0.392702  0.182552  0.747954   1.20402    1.4675   1.68236  0.879289 
   0.303536  -0.81889 
    0.32761  0.128609  0.293107   0.48795  0.200903  0.270661  0.888804 
    1.33964   1.60306   1.79199   1.09925  0.570495  -1.08623  -1.45242 
   -1.09348 -0.368097 -0.296362 -0.432252  -1.14609 -0.967556  -1.15799 
   -1.67282   -1.6953  -1.46996 -0.117672   1.09548   1.40394  0.899142 
    1.14084  0.529706  0.554222  0.799607  0.818837  0.798136  0.561766 
   0.303709 -0.0966218 
   0.484286   1.81208   1.73225   1.03863   1.58845   1.23706    1.2576 
    1.48208    1.3615   1.19916  0.950146  0.707939  0.141112 -0.473322 
  -0.819932 -0.613663  -1.39142  -1.67646  -1.72268  -1.73111  -1.47937 
   -1.04088 -0.446147 -0.331712  -0.25863 -0.430419 -0.817358 -0.725608 
  -0.512017 -0.220547 -0.118571 0.0572305 -0.215421 -0.304587 -0.550886 
    -0.5702 -0.446905 
  -0.128575 -0.520232 -0.631798 -0.160933 -0.257487 -0.552393 -0.639179 
  -0.163769  -0.76994  -1.31821   -1.9142   -1.9012  -1.72226   1.02362 
    2.33597  0.932432  0.890719   0.70955 -0.200345   -0.2351 -0.425844 
  -0.474297 -0.761911 -0.225895  0.388733  0.548253  0.862594  0.501588 
    0.73789  0.231416 0.00674905  0.365902  0.416683  0.464374  0.883794 
    1.02828   1.34637 
    0.52116  0.669281  0.912252  0.421261  0.615852 -0.107436 -0.212379 
   0.327795  0.513135  0.817773   1.56173   1.47266   1.27236   1.41859 
  0.0520093 -0.474678 -0.980003 -0.776395   -1.2484  -1.67204   0.21373 
  -0.978755 -0.686894  -0.95278 -0.697465  0.224556  0.127081 -0.522468 
  -0.315671  0.119146  0.283574  0.653959  0.779705  0.897018    0.9174 
    1.37496   1.49136 
   -1.15029 -0.886142 -0.497998 -0.739733 -0.764377 -0.427842 0.0390408 
   0.878992   1.07116   1.04922  0.854476   1.32154   1.59088   1.48592 
    1.29597   1.35041  0.957518  0.909825  0.898905   1.06111   1.25465 
    1.09822   1.82713  0.842872  0.516552  0.627327 -0.0682493 -0.369315 
  -0.400272 -0.385779  0.202785 -0.0300622  0.769447  0.858706  0.791805 
    1.76305   1.58372 
   0.256087  0.212465   0.22898 0.0979262 0.0188512  -0.23839  0.553014 
   0.990566   1.57725   1.47102   1.19381   1.64193   1.56752   1.11886 
    1.78023   2.00439    1.8066   1.56393   1.80634   2.06783   2.40735 
    1.88339  0.935407  0.438199  0.474479  0.244476  0.148846  0.207534 
   0.513214  0.611343 0.0211343 -0.0950951 -0.271247 -0.585631 -0.611927 
  -0.224051 -0.075536 
   0.529402  0.548815  0.203884 0.0808259  0.112439  0.269849 -0.416523 
   0.546705 0.0364629 -0.335436 -0.335897  0.235732  0.666167  0.992743 
   0.957962  0.990016    1.4824   1.84876   1.28598   1.50953  0.614522 
  -0.444452 0.0515547  0.711641  0.639518   1.49817   1.32885   1.65938 
    1.14555   1.14631   1.29989    1.0052  0.349206  0.337034  -0.06719 
  -0.103928  0.433414 
    1.42665   2.28295   1.78727   1.90599   1.05184  0.576799    0.6657 
   0.671187  0.265379  0.341541 0.00495076  0.141786  0.695464   1.67235 
    0.91997   1.38035   1.43616   1.30394  0.769616   1.29114  0.705776 
  -0.160408 -0.740352   0.89978  0.902551   1.08819    1.0617   1.73511 
    1.39238    1.5323   1.21777  0.969199  0.643784 -0.123355 -0.419646 
  -0.770924 -0.526992 
    1.66692   1.70612   1.17255   1.16204   1.16464   2.18308   2.34558 
    2.51482   2.31609   1.35572  0.988627  0.621781  0.670688  0.811003 
   0.690224  0.668983  0.844081  0.248069  0.780746  0.135622 -0.327361 
   -1.19268  -1.29072 -0.405375 0.0167829   1.49685   1.90221   1.64687 
    1.70092   1.26191  0.919228   1.02435  0.773221  0.612506  0.819429 
    1.30187     1.168 
   -0.62463  0.975537   1.23985   0.92084    1.1313  0.812616  0.584119 
    1.08996  0.844269  0.638948   0.82508     1.256   1.13912    1.1961 
  -0.0928121  0.830602 -0.747845 -0.628633  -1.01898 -0.470447  -1.39241 
  -0.733495 -0.0693635   0.16833  0.800741   2.00137   2.34061   1.70743 
    1.67449    2.0465   2.02787    1.6641   1.25133  0.622905  0.435142 
  -0.0931199 -0.726982 
   0.730726    2.0561   2.51355   1.65682   1.69895   2.44157   2.36816 
    1.80763   1.52571   1.28706   1.38847   1.16159  0.751202  0.511058 
   0.529726 -0.117054  0.107315  0.775872  0.760568   1.80406   1.78279 
    2.32996   1.92669     1.587    0.8955   1.04844  0.944011  0.508827 
   0.390607 -0.0877024 0.0862834  0.483114  0.753675 0.0923423  0.673926 
   0.639757 -0.0813372 
   0.762349  0.572947  0.931244   1.01253   1.22587  0.850841  0.580987 
   0.629793   1.03652  0.752791   1.68305   1.28799  0.274376 -0.131163 
  -0.0615287 -0.277839  -1.52394   -1.5232  -1.26926 -0.397389   0.84207 
   0.518352   1.07901    1.8767   1.96433   2.02535   2.08888   2.06451 
    1.56714  0.466778 -0.0996734 -0.0340659 -0.135804 -0.364039 -0.308957 
  -0.337625 -0.565806 
    1.41696   1.61492   2.05557   2.40409   2.04072  0.524576 -0.226679 
  -0.0251008 0.0203306 -0.101379  0.234119   0.33741 -0.119802 -0.293416 
  -0.058748 -0.725529  -1.35404  -1.12843  -1.10513 -0.445003  0.328522 
    0.24279  0.308722  0.770579  0.625403  0.789656   1.29719   1.67642 
    1.08132   1.09642   1.36976   1.12421   1.21997    1.3293   1.39778 
    1.29977    1.4788 
   0.766161   1.15762   1.24794   1.78365   1.47576   1.44685   1.59943 
    1.32163   1.92768   2.08966   2.01121   1.91163    1.9982   1.76827 
   0.305655  0.164169   2.35752  0.539513  0.826209   1.34815  0.419087 
  -0.708003  -1.52318  -1.50921  -1.67657  -1.28245  -1.00756  -0.52055 
  -0.487346 -0.549357  -0.52656  -0.52414  -0.47814 -0.740552 -0.624554 
   0.240692  0.999747 
   -1.64611 -0.663777  -0.69381  -0.44083 -0.410789 -0.797118  -0.83519 
  -0.719564 -0.439159 -0.562214 -0.318825  0.877499   1.26694   1.19227 
    1.24101   1.03305  0.645671  -0.54126 -0.589581    0.1814  0.674804 
  -0.0848645    0.1615   1.06328   1.79613   2.03323    2.0883   1.72666 
   0.626558 0.0980433 0.0867712  0.348257  0.404073  0.622817   1.10313 
     1.4054   1.51764 
    2.04996   2.39515   2.53443   2.51373    1.9888   1.32167    1.1637 
   0.859364   1.38159   1.90307   1.65639   1.93362   1.66988   2.13934 
    2.20594   2.08933   1.75178   1.77896   1.98668   2.38131   2.38456 
    1.57492   1.00701   1.35375   1.31301   1.57139   1.95235   2.06205 
    2.02182    1.5551   1.03292   1.05055  0.585391  0.525096  0.968701 
    1.57337    1.3544 
   0.800055   1.15667   1.66735    1.9243   2.42783   1.96208  0.944285 
   0.870803  0.205056 0.0150445  0.458551   1.24282   0.96371  0.884542 
    1.13222   1.12316   1.11013   1.41922   1.21456   1.58909   1.58247 
   0.996057  0.544382 -0.303947  0.298539  0.306824  0.791505  0.770107 
   0.523884  0.377767  0.607655  0.503252  0.404106  0.369381 -0.455023 
  -0.258832  0.360535 
   0.190625 0.0872304  0.571682  0.664603   0.22671 -0.0246113  0.346563 
   0.432408  0.436997   0.53491 -0.0760862 0.0675269  0.465788  0.449471 
   0.659329  0.970261  0.822555   1.26002   1.74151   1.59359  0.701032 
   0.407884  0.649665   0.48364  0.797318  0.777532   1.36292   1.00945 
    1.37488   1.22583  0.539073  0.570383 0.0840494 -0.694446 -0.919759 
    -0.7955   1.13669 
    1.15886   1.17426   1.49039  0.924943   1.57237   1.28551  0.540977 
   0.632685  0.751878 -0.491293  -1.10753 -0.604754   1.10261   1.45506 
    1.31639   1.05344   1.21675   1.64288   0.53036 -0.111937 -0.902836 
   -0.97749  -1.32643  -1.75097  -1.66583  -1.25765 -0.174719  0.228728 
   0.290177 -0.921915  -1.38706  -1.34977  -1.63089  -1.99588  -1.75247 
   -1.14327 -0.747445 
   -1.66583  -1.25765 -0.174719  0.228728  0.290177 -0.921915  -1.38706 
   -1.34977  -1.63089  -1.99588  -1.75247  -1.14327 -0.747445     -9999 
      -9999     -9999     -9999     -9999     -9999     -9999     -9999 
      -9999     -9999     -9999     -9999     -9999     -9999     -9999 
      -9999     -9999     -9999     -9999     -9999     -9999     -9999 
      -9999     -9999 
      -9999  -3.36668  -2.57141  -2.08068 -0.987375 -0.635733 -0.802817 
  -0.705044 -0.846206  -0.05238 -0.0924629  0.450171  0.268876   1.07075 
   0.270162   1.65322  0.652301  0.985712  0.403732  0.607593 -0.0186522 
  -0.498437 -0.530492 -0.401617 -0.608264 -0.574882 -0.178018  0.239909 
   0.222801 -0.168214  -0.35242 -0.539453 -0.681268 -0.947091  -1.30523 
   -1.74137  -1.93026 
  -0.153919  0.314615  0.525728  0.396493  0.327602 0.0844577 -0.0955085 
  -0.221015 -0.531089 -0.991241  -1.24988  -1.25728  -1.26496  -1.11481 
  -0.994193 -0.933366 -0.803298  -0.12232 0.00357621   0.73298   0.24629 
   0.254991  0.178593 -0.197878 -0.433188 0.0310681  0.029103   0.73501 
     1.5658  0.924466  0.603006  0.364711  0.282266   0.29367  0.625891 
   0.997335   1.50749 
   0.516742  0.841068  0.597505  0.998767   1.50458    0.3113 0.0720455 
   0.124922 -0.256417 -0.358811  0.215249  0.848611   1.16828  0.949022 
    1.07316  0.820354   1.38451   1.26896   1.89214   2.14686   1.20549 
   0.444456 0.0611983    1.2011   1.32065   1.80843   2.05966   1.54697 
    1.08873  0.833187  0.986798   1.34119   1.12925   1.31473   1.71275 
    1.25725  0.095863 
   0.954928   1.66063   1.91761   1.66045    1.4201  0.618583  0.633527 
    1.10917  0.473855  0.667688   1.22394   1.06612 0.0527788  0.119178 
   -0.97704 -0.797176   0.99704  0.167119  0.081487    1.6486   1.32356 
   0.364741  0.855827 -0.150072  0.506106  0.782505  0.601893  0.581597 
   0.711299  -1.28259  -1.47625  -1.17917  -1.03275  -1.24764 -0.332797 
   -1.19281  -1.74241 
   0.796496   1.28322   1.04231    1.2492   1.27726  -1.09237  -1.06691 
  -0.984558 -0.854708 -0.813673  0.131936 -0.588905  -1.50623  -0.97337 
   0.803795  0.439059     -9999 -0.217849  -1.61197 -0.658075 -0.592637 
  -0.0460594 -0.0911885  0.313273   0.53633  0.423259  0.850177   1.04627 
  0.0822184  0.409299  0.951687   1.67501   1.50173  0.892091  0.723933 
   0.355425 -0.306794 
   0.580943  0.903246   1.04129   1.12048  0.023705  0.649115   1.11996 
    1.65419  0.829248  0.352259  0.455616 -0.134477  -1.18903  -1.32836 
  0.0886514 -0.278049   1.05079   1.65811    2.2666   2.21074   1.10776 
   0.943279   1.24244   0.68522  0.511413   1.16563    1.8883   1.83836 
     1.4081   1.36898   1.93147   1.98305   2.04948   2.00172   1.90674 
    1.88448   1.01976 
    0.86641   1.19982   1.50264   1.60337   1.80026   1.70006   1.83648 
    2.03304   2.26101   2.11245   1.71169   1.82437  0.892915 0.0350532 
   -1.11819 -0.760658  -1.25987   -1.4647  -1.54609 -0.268435 -0.255062 
  -0.807657 -0.266775  0.936088  0.713444  0.275832  -0.59599 -0.881488 
   -0.53152 -0.952136  -1.29694 -0.952585 -0.645293  -0.71053 -0.892353 
  -0.993929  -1.04394 
   0.630346  0.453689 0.0611071 -0.170771 -0.230662 -0.883057 -0.964665 
  -0.727543  0.328783   0.37127  0.108324  0.112733 -0.331931 -0.592561 
  -0.723835 -0.742819 -0.744136  -0.91338 -0.862952 -0.682686 -0.637808 
  0.0875968  0.779134    1.2802   1.14143  0.839822  0.314207 -0.00469109 
  0.0210497    0.4767   1.03225  0.544776  0.149974 -0.392754 -0.133106 
  -0.0839667 0.0225553 
    0.66395  0.514324  0.250542 -0.0829855  0.299414  0.760072   1.04008 
   0.630647  0.578318 0.0439563  0.438823  0.271756  0.434421  0.469711 
   0.374498   0.54902  0.102824 -0.288301 -0.0182349  0.643139 -0.0231189 
  0.0238169 0.0594765 -0.0821892  0.324234  0.914828  0.186676   0.78792 
   0.032215  0.197005 0.0115377 -0.406507  0.235275 -0.134365 -0.224737 
  -0.234397 -0.409601 
  -0.131491  0.647066 -0.0326314   1.25279  0.184677  0.442178 0.0934065 
  -0.391709  0.240654 -0.0997803 -0.109451 -0.363775 -0.974096 -0.888261 
  -0.349722  0.534735   0.65076  0.123478 -0.377096 -0.882698 -0.827166 
   -1.08271  -1.16191 -0.996621 -0.819173 -0.618627 -0.357021 -0.0965279 
  -0.176449  -0.37146  0.174195 -0.612371 -0.296351  0.257385  0.996206 
   0.735809 -0.0804585 
   -1.42741  -1.08026 -0.492112  0.176314  0.375857   0.28291   0.21288 
   0.246094    0.8276   1.40773   1.96297   1.35288  0.114148   0.73805 
   0.965831  0.481329  0.285632  0.465352  0.429256  0.303263 -0.0344551 
  -0.417854 -0.153876 -0.213751  0.433261  0.205663 -0.232033 0.0445162 
   0.141239 0.0474927  0.460856  0.416772 -0.117611 -0.166296  0.393192 
   0.317378  0.167344 
   0.722607  0.107443 -0.182769  0.659126  0.597957  0.743059   1.23952 
    1.10535  0.501292  0.474802  0.928027  0.561829  0.235938 -0.159342 
  -0.835654  -1.29073   -1.4494  -1.31269  -1.42714  -1.43533   -1.2909 
   0.954477   1.45293   1.47668   1.02559   1.53897   1.62873  0.924674 
  -0.581463  -1.03017  -1.33605  -1.30529 -0.960762 -0.203253  0.231841 
   0.836268  0.433685 
   0.523551   0.79006  0.438362 -0.707614   -1.7464  -1.67091  -1.79668 
   -1.58586   -1.0762 -0.0602496  0.643274   1.17834  0.662792  0.305682 
  -0.421784 -0.334777 -0.776719 -0.966193  -1.78748 -0.179188  -1.65654 
   -0.96492  -1.77754  -1.84208  -1.52261 -0.598907 -0.545341 -0.393567 
  -0.0222989  0.129269  0.209652  0.761198 -0.192132   1.29031  0.247605 
  -0.089913 -0.198483 
   -1.75295 -0.773442 -0.574113 -0.260261 0.0835597 -0.183709 0.0206221 
   0.695556  0.255637   1.52488  0.892713  0.403859 0.0951169  -1.79814 
   -2.34767 -0.459326 -0.384023 -0.321779 -0.456547 -0.461889 -0.599612 
  -0.545248    0.3523  0.747502  0.715121  0.771457  0.450418  0.141456 
  -0.291573  0.657645   1.05439   1.01517  0.610417 -0.0265013 0.0430058 
   0.461842  0.812947 
   0.173895  0.433195  0.666143  0.359474  -0.52712  -0.21701 -0.129226 
   0.256962   0.80077  0.440739   0.83016   1.31056   1.52998   1.34706 
   0.967583   1.90334  0.602761  0.650162  0.220281    1.2522   1.48326 
    1.09509 -0.134237 -0.115575  0.109765 -0.153759 0.0084867  0.153538 
   0.397781 0.0680747  0.532023  0.169561  0.973343   1.06763   1.45869 
     1.8355   1.97281 
  -0.247281 -0.517683  0.181957   1.23308   1.80949    1.1097  0.773042 
   0.342525     1.279   1.45228   1.73029   1.67482    1.5755   1.38089 
   0.997307   0.67049  0.373625  0.275011  0.211315  0.511647  0.173331 
   -0.58398 0.0252159  0.369054  0.468412  0.341081  0.525678  0.624292 
  -0.0943685  0.391589   1.06022   1.28788   1.69455 -0.312892   1.14958 
    1.37592  0.927016 
   0.263205 -0.0252973 -2.2411e-05  0.236801 -0.147902  0.338179  0.644929 
   0.877393   1.26803 -0.529912   0.59358  0.927017  0.458858 -0.161207 
   0.745372   1.24516    1.1188   1.45044   1.17239   1.79134    1.4513 
   0.946632  0.817535  0.456437 -0.340965  0.382443   0.30406  -1.14822 
  -0.907232  -2.20008  -1.47298 -0.897981  -1.12388 -0.238399   1.30339 
   0.326514 -0.0887509 
  -0.932531 -0.286799  0.330803 -0.794919 -0.867536  -2.18986  -1.69956 
   -1.00588  -1.17704 -0.232131   1.29866  0.119135  0.130496   0.29055 
   0.291736  0.385277  0.326017  0.546652  0.110622  0.448012   0.22232 
  -0.139273 -0.259214 -0.0656828 -0.409764 -0.0671538 -0.206716  0.615495 
   0.560429  0.565649 0.0765729 -0.0571442  0.168856  0.823281   1.88613 
     1.5021   1.57143 
   -0.13922  0.206947 0.00982708  0.853716  0.556127  0.525921  0.182172 
   0.562077  0.926814     1.214    2.0398   1.97827   1.83151   2.03099 
    1.68094   1.64659    1.6122   1.59311   1.10297   1.37589  0.255836 
   0.537246 -0.288601 -0.288381 -0.0401067  0.143301  -0.38098 -0.478945 
  0.0442315  -0.18988 -0.438685 0.0149352  0.431101  0.985716  0.801912 
    1.32107   1.65129 
  -0.192586 0.0357121  0.094718  0.111962  0.138775 -0.319537  -0.68681 
  -0.136006 -0.0835883  0.475736  0.590759   0.38974   0.66952    1.0992 
    1.47385   1.24081   1.26751  0.850567  -1.07194  -1.17818 -0.673447 
   -1.42024  -1.21172  0.192097  0.485174  0.679404   1.17718  0.629892 
    0.19022  0.658898 -0.435676 -0.368322  0.520796 -0.245863 0.00282155 
   0.366413  -1.28908 
   0.826315  0.921533   1.30509  0.427313 -0.125741  0.129994  -1.06921 
  -0.728154  0.881498 0.0767757 0.0744095  0.618472 -0.753716  0.231002 
  -0.594261  -1.38411 -0.500827  -1.67281 -0.609239   2.07025   2.37515 
    1.57383   1.91293   1.81649   1.34333  0.775085 0.0448885 -0.359918 
  -0.039248  0.310592  0.160102  0.235675  0.748518   1.05288   1.04606 
  -0.125843  0.260161 
    1.20904  0.959619  0.415473 -0.225359 -0.132197 -0.0878063  0.056977 
   0.143859  0.504381  0.652385  0.755002  -0.65113 -0.112069 -0.333209 
  -0.406914 -0.528989  -1.30269  -1.70273 -0.697508 -0.899586 -0.210244 
  -0.283124 -0.385774 -0.395841  -0.21891 -0.0720735 0.00234853 -0.00308189 
  -0.163879 -0.0994849  0.214235  0.813032  0.912779   1.49401   1.94147 
    1.55138   0.90415 
  -0.450452  -0.51208 -0.566235 -0.617015 -0.486264  -0.36915 0.0617311 
   0.517633 -0.181103  0.165029   1.31968  0.572615   0.14073 -0.237228 
  -0.349218 -0.320778 -0.0953662  0.193382  0.428894   0.33477  0.190446 
  -0.0302577 -0.224433 -0.412791   -0.3597 -0.274388 -0.130355 0.0192773 
  -0.186444 0.0706889  0.404385  0.631582  0.603549  0.244919 0.0877915 
  -0.202047  -0.13604 
   0.348617 0.00951063  -0.17106 0.0590772 0.0899201  0.358164  0.470856 
   0.403115  0.349631  0.256765  0.234406   0.11706 -0.248385 -0.116802 
  -0.177408  -0.65226 -0.308102 -0.112002    0.2172  0.471446  0.215745 
   0.231526  0.431379  0.435241  0.485456  0.410657  0.300283 -0.239245 
  -0.0328793  0.847219   1.32618   1.89735    1.5546   1.47346  0.283993 
  -0.252729 -0.880476 
   0.106422 0.0799446 0.0317892 -0.293919 -0.156056  0.503647   1.05446 
    1.54486   1.21595   1.38689  0.760184  0.236512 -0.421681  -1.04195 
   -1.29074  -1.39774 -0.950629 -0.293965 0.0033642   0.27271  0.512223 
   0.527892 -0.0598424 -0.727033 -0.933384  -1.27012  -1.56873  -1.91426 
    -1.7842  -1.90367  -1.05829 -0.153457 0.0540601    0.6583   1.06154 
    1.01322  0.585856 
  -0.586104 -0.994657  -1.18573  -1.35226 -0.883999  -1.19272 -0.330592 
   0.489431  0.616983    1.0163   1.25001  0.577826 -0.100514 -0.535808 
  -0.778716  -1.16257 0.00436329 -0.250788 -0.291726 -0.259994 -0.0661884 
  0.0120774 -0.470304 -0.540703 0.0955554 -0.00563012 -0.683823  -0.36969 
  -0.0144673  0.179875  0.214728   1.04179   1.42012   1.72646    1.7959 
     1.5781   1.49617 
  -0.261995 -0.422253 -0.812209 -0.592091 -0.342172 -0.697148 -0.350961 
   0.114269  0.523861   1.09835   1.73657   1.81231   1.96453   2.16203 
    1.77909   2.07793   2.33308   2.37672   2.23353   2.00004   1.38013 
    1.31127  0.994295  0.898214   1.01223  0.799165  0.553569   0.30197 
   0.508467  0.761263  0.781905  0.525612  0.335845 0.0407679 -0.269794 
  -0.479213  -0.31016 
   0.297022  0.388954  0.596098  0.373111  0.585548   1.03156   1.02902 
   0.690126  0.445109  0.435146  0.228878 -0.0394193 -0.197393  0.146169 
   0.599641  0.801568   1.05089   1.19487   1.21332   1.92378   2.07068 
    1.90421   1.38472   1.44306   1.12111   1.18089  0.871547   0.85793 
   0.725597  0.116163 -0.245932 -0.127502 -0.202678 -0.759667 -0.920455 
  -0.903603  -1.35404 
  -0.231571  0.616464  0.581527  0.414512 -0.0291167 -0.634972  -0.80979 
  -0.676966 -0.751588  -1.29505   -1.4776  -1.38888  -1.91194   -1.5487 
    -1.8958   -1.9869  -2.09863  -2.16701  -1.96774  -1.11564 -0.965869 
  -0.946924 -0.765415 -0.917394 -0.720439 -0.702371 -0.464994 -0.495984 
  -0.661239 -0.489066 -0.519339 -0.668756  -0.92232  -1.01492 -0.949206 
  -0.767085 -0.579079 
  -0.220472 -0.389578 -0.120186 -0.354131 -0.340152 -0.229123 -0.341644 
  -0.143471 -0.145257 -0.328724 -0.551801 -0.247159  0.179845  0.281882 
   0.211875 0.0125043  -0.52127 -0.242611 -0.783687 -0.856284  0.271345 
   0.430333    0.2611  0.702498   1.55459   1.82301   2.34083   1.85072 
    1.89501   1.99029   1.10381 -0.604549  -1.20748 -0.755931  -1.18328 
    -1.2893 -0.849861 
   0.795269  0.935794   1.51271  0.977097   1.00852   1.19679  0.139485 
  -0.416122 -0.646918 -0.582303  -1.24873  -1.60962  -1.20813  -1.07989 
  -0.450727 -0.214591  0.241908  0.535611  0.604542  0.110451  0.955821 
    1.77188   1.58709   1.45734   1.26357  0.829275   1.00505  0.786297 
   0.619489    0.7808  0.748038   0.34265  0.313631  0.670124  0.781493 
    1.24473   1.67559 
    1.00149   1.13376   1.92013   1.50391   1.49807  0.717066  0.231222 
  0.000473171  0.262844  0.738916  0.769972   1.12627   1.67097   1.70739 
    1.58804   1.16371   1.22098   1.12724  0.684157  0.826617 -0.869132 
   -1.67117  -2.20278 -0.132408  0.637311 -0.804456 -0.0612451 -0.288591 
   0.407121   1.08987   1.09085   1.22926    1.4791   2.07052   2.48234 
    2.65569   3.41083 
      1.265 -0.302018 -0.238393 -0.457787  0.297586  0.855838  0.718597 
    1.04455   1.50741   1.98349   2.47242   1.91457    2.4443   2.11971 
    2.11615   2.35893   2.11583   1.52123  0.687529  0.510527  0.352456 
  -0.477145  -1.23315  -1.36324  -1.23336  -1.03969  -1.26248  -1.24173 
   -1.19123  -1.30195 -0.814345  0.854584  0.440155  0.394384  0.209149 
   0.184691  0.746322 
     -1.746  -1.54058  -1.22989 -0.938057 -0.264609 -0.487582  -1.43928 
  0.0494368  0.381007  0.780958   0.37114  0.763985    1.2596   1.71644 
    1.92299    1.6998   1.14956   1.05658    1.0948   1.15809   1.66777 
    2.03282  0.740574  0.104847 -0.340528  -0.51803 0.0156836  0.561592 
   0.773641  0.866518  0.677321  0.542923  0.606566  0.555895  0.711694 
   0.573456  0.635152 
  -0.897795 -0.275375  0.241859  0.491687   1.33308  0.967585  0.581453 
    0.60257  0.980654   1.28754   1.62586    1.4085   1.10741   1.33856 
    1.31987   1.71449   1.94936    2.4998   2.38899   2.29669   2.50769 
    2.64353   1.41323 -0.594886  -1.22642 -0.712596 -0.936313   -1.1121 
  -0.979365 -0.0580799   1.14099  0.697109  0.801962  0.622858  0.892654 
   0.249082   1.00595 
     0.5885  0.522831  -1.46478  -2.04179 -0.588209 -0.196041 -0.0348094 
   0.296654  0.570233  0.402503   1.11373  0.872461   1.39091   2.35766 
     2.4962   2.27473   1.65519   1.26744   1.44164   1.82673   2.68184 
      -9999    2.4845   2.24174   1.88452  0.949252  0.653435    0.6737 
    1.67877   1.50965   1.15758   1.12738   1.32438   1.68509    1.6452 
    1.29367   1.01097 
     3.2449   2.52023   2.19571   2.29922   3.09297   2.21876   1.62564 
    1.47855   1.20513   1.10338   1.17482    1.1928   1.24896   1.55439 
    1.71528   1.74919   1.85494   1.69273    1.5636   1.34989   1.04148 
  0.0431239 -0.341594 -0.295765 -0.228592 -0.496617  -1.03671  -1.12276 
    -1.2356 -0.915197  -0.92034 -0.789457 -0.631401  0.012132  0.130734 
  0.0441035 -0.108571 
  -0.451167 -0.464342  -1.55463  -1.55441  -1.21872 -0.948868 -0.806354 
  -0.426455 -0.294061 -0.0344521 -0.346711  -0.33172 -0.0342669  0.506444 
   0.881995  0.721543  0.801981   1.12524   1.02189   1.38473   1.87174 
    1.75801   1.41582   0.90646  0.142508  0.252725 0.00733324 -0.0988371 
   0.174386  0.810762  0.302551  0.182174 -0.220501  0.115797  0.716288 
   0.867251   1.14542 
  -0.739648 -0.274159 -0.166906 -0.151425 -0.00358539  0.770404  0.436809 
    0.11592 -0.0255237  0.218173  0.789769  0.279053  0.572804  0.423614 
   0.344212  0.483156  0.436646 -0.899847  -1.01612  -1.01077  -1.00736 
   -0.75694  -1.74874  -1.51548 -0.926781 -0.752349 -0.871492 -0.452485 
   0.207919  0.345653 -0.0942219 -0.0332441  0.106068  0.240744 -0.129365 
   0.256737  0.560701 
   -1.13868 -0.534527  0.108781  0.373955  0.345834  0.225591 -0.101529 
  -0.166005 -0.147009  0.148456 -0.170214 0.0924271  0.723805  0.884994 
   0.944924   1.26867   1.46459   1.43207   1.62353   1.95643   2.33356 
    2.12456    1.8056   1.27339  0.607597  0.645612  0.338827   0.19998 
   0.275932  0.247669   0.27799  0.198271  0.460372   0.46996 0.0828364 
  -0.601813 -0.522014 
   0.564689  0.952907   1.04651   1.29412   1.41987  0.988261   1.09557 
    1.20933   1.50725   1.60561   1.23635  0.433516  0.504253  0.473063 
   0.247513 -0.327272 -0.0470233   0.44923  0.620036    1.0218   1.30205 
   0.455445  0.172054   0.44785  0.333691  0.727533  0.429638  0.939462 
    1.17156   1.60903   1.85872   1.36606  0.966561  0.789474   1.20985 
    1.57867   1.67365 
  -0.530062  0.102518 -0.286742 0.00874698   0.59502   1.77128   2.00567 
     1.0471  0.462894  0.735877   1.25581   1.41172   1.91172   2.03055 
    1.76605   1.48377   1.29171   1.23803  0.862146  0.750569  0.978696 
   0.971838   0.63691   1.00102  0.563118  0.410684  0.379374  0.949707 
   0.998638  0.703992   1.36033   1.21749   1.10315  0.971115   1.22601 
    1.59012   1.45863 
   0.226729 -0.313327 -0.276414  0.192939  0.114216  0.163616  0.587757 
   0.587346  0.631018   0.96204   1.32026    1.4914   1.29621   1.38271 
    1.26334    1.4464    1.2336   1.22456   1.36282   1.89809   2.86413 
    2.65077   1.85525   1.70765  0.818776  0.761313  0.873243   1.10346 
    1.48757   2.10971   2.46946   3.18205   2.55741   3.82143   4.73919 
    3.91385   2.98575 
   0.539856     0.297  0.195242    0.3782   1.05152     1.705   1.95162 
    2.00047   2.07094    2.6697   2.86523   3.14754   2.82527    2.5119 
    2.40656   2.33843   2.63499   3.20472   3.18374    3.1834   3.32264 
    3.15259   2.45639   1.62636  0.486706  0.547732  0.596476  0.593302 
   0.164525  0.114928   0.13808 -0.0156335  0.112415   0.66499  0.828918 
    0.63183  0.695336 
  -0.105401  0.219899  0.529774  0.780731  0.413825 -0.381758 -0.652373 
  -0.607891 -0.386047   0.59155  0.996859  0.564019  0.369518   0.21742 
   0.113274 0.0141962 0.0249188  0.152149 -0.0656338 -0.371234   -0.2981 
  0.0371745     1.445   2.31806   2.58692   1.86743   1.72398   1.75088 
    2.05314   1.35275   1.18404   1.47382    1.4545   1.26416  0.774741 
   0.588386  0.617055 
    1.58504   2.07915   2.54864   2.56856   2.57019   1.59285   1.30283 
    1.51565   1.42932   1.50272   1.44035   0.61948  0.103756 -0.559865 
  -0.376759 -0.691226 -0.0332063  0.546396  0.917788   2.35256   2.34219 
  0.0152593  0.197564  0.429264  0.698833  0.910781   1.49429    1.1503 
   0.423038 -0.864534  -0.35254 -0.247076 -0.0017178 0.0360091  0.523418 
   0.143555 -0.111335 
  0.0617597  0.261358   1.02618  0.732126  0.311694  -1.11913 -0.648212 
  -0.615847 -0.183288  0.168731   1.00888  0.164129 -0.379346   0.37707 
   0.784724  0.211081 -0.675304 -0.230151  -1.01131  -1.64546  -1.70199 
   -1.95025  -1.55376 -0.650324 -0.238289 -0.130437 -0.574261 -0.361035 
  0.0460811 -0.156351  0.447312   1.25155   1.66657  0.927928   1.42846 
    0.90586  0.184196 
  -0.814428 -0.705748 -0.896449  -0.66111 -0.139889  -0.59708 0.0647181 
    1.17035   1.85648  0.983412   1.69801  0.938402 0.0143987 -0.0713033 
  -0.229849 -0.498599 -0.706612 -0.296169 -0.819785 -0.920776 -0.0183084 
      -9999  0.567433  0.605538     -9999  0.463916  0.702807  0.595591 
    1.08894   1.53995   1.56796  0.496488 -0.499589 -0.256269 -0.310107 
   0.233808  0.747647 
      -9999   0.63975  0.902538  0.927371   1.46072   1.47625   1.13914 
   0.153632 -0.378323 -0.495153 -0.0808629 -0.106918  0.390231  0.646053 
   0.715209   1.09111  -1.01169  -1.43381  -1.41114  -0.98389 -0.371432 
  -0.266026  0.169207  0.268222  0.658994   1.21394  0.544149   1.13633 
   0.787478  0.726717  0.535488   1.10302   1.33847  0.801993   1.25044 
   0.991959   1.69067 
   0.849723   1.03985 -0.190995  0.371298  0.127395   1.05248   0.99785 
    1.27574    1.6182   1.25731   1.74657  0.828126   1.70193   1.26033 
   0.112171  0.156831   1.39139   2.33327   1.74501  0.386067  0.803964 
   0.699734  0.601062  -1.04158 -0.752706  -1.67399  -1.01593 -0.155294 
  -0.510364  0.201621  0.424751  0.761626  0.849346  0.431482   0.82756 
    1.06788  0.788566 
   -1.26519  -1.95051  -1.67815 -0.501996 -0.877677   0.49197  0.546783 
    1.08346   1.11953  0.688819   1.12794   1.26132   1.07925   1.00539 
    1.54468   1.68596 -0.592577 -0.564331 -0.400908 -0.734389  -1.07722 
   -1.79616  -1.95005  -1.90578  -1.52482  -0.53653 -0.523628 -0.477123 
   -0.08353 -0.939844  -1.02171 -0.517489 -0.793048 -0.393122  -1.00546 
   -1.13116  -0.52113 
  0.0692464  0.942231  -1.04162  0.313005   0.46219  -0.54898 -0.809739 
  -0.326149 -0.656413 -0.170356 -0.800668   -1.1276  -1.12539  0.665189 
    1.64443   1.69037   1.32834  0.980426  0.266413  0.214326 -0.172206 
  -0.0799919 -0.179333  0.404148  0.616099  0.246557  0.600408  0.171923 
    1.36326   1.63716   1.78086    1.6086    1.4764   1.88445   0.63232 
    1.64095 0.0887427 
   0.873686  0.233995  0.277199 -0.327053  0.563654   1.13689   1.31151 
   0.729423  0.591979   1.04377 -0.426694  0.981308 -0.355024    1.2846 
  -0.575192 -0.930673 -0.563019  0.225371  0.168915 -0.0853833    1.0539 
    0.78158    0.3768  0.488487 0.0957798 -0.691568 -0.906764  -1.03192 
  -0.349614  0.332996   1.23909   1.80576   2.16686     1.002   1.03264 
    1.68433   2.01813 
    0.01587 -0.669387 -0.698951 -0.843053 -0.331024  0.497914   1.36805 
    1.32898    1.2061  0.754942  0.772931  0.794008  0.911178 -0.129674 
  0.0359699  0.320222   1.16879   1.73329  0.353907    1.4206   1.71118 
    1.85444  0.981519   1.31271   2.10364   1.31059   1.60419   1.73698 
     1.9537     1.821  0.852446  0.920195   1.51076  0.698583  0.725834 
     1.1902   1.57034 
    1.96537  0.707139  0.896845   1.18506   1.19601   1.23801  0.416961 
   0.244037  0.889024 0.000675617  0.295758  0.957398   1.38465  0.025755 
  -0.919878 -0.497485 -0.411725  -0.26475 -0.889197 -0.806693  -1.29216 
  -0.871546 -0.424323  0.120416  0.177931 -0.242159 -0.457043 -0.291919 
  -0.554625 -0.102226  0.370582  0.579908  0.787202  0.903157  0.845218 
     1.5456  0.492683 
     0.2673 -0.0704123 -0.153021 0.0963037 -0.361128 -0.00630747  0.113958 
   0.345351  0.943094   1.28743   1.12007   1.97374  0.677692   0.85781 
    0.91869  0.791845  0.745856   1.08592   1.06869  0.635596 -0.660068 
  -0.767741 -0.126212 -0.193795  0.368729 -0.217888  -0.62354 -0.257399 
   0.236998  0.502016   1.56434   2.00817   1.58659  0.804388    1.3053 
   0.792004  0.965887 
   0.784304  0.743771 -0.353928 -0.431085 -0.355578 -0.491093  0.745207 
    1.34653  0.722036   0.36325   1.31014   0.15277  0.605713   1.02597 
    1.51269   1.23792   1.29006   2.32328   1.70582 0.0364403  -0.46003 
   0.331432 -0.212663  0.576209  0.456396  0.319181 -0.153934 -0.596722 
  0.0238552  0.981097  0.763629  0.557115   1.11876   1.05969  0.223379 
  -0.191214 -0.219604 
   0.833866  0.680285 -0.207631    -1.237 -0.269391   1.14278  0.801545 
   0.300868  0.483702  0.799543  0.211022 -0.167581 -0.0761169  0.270302 
   0.126432 0.0831367 -0.385003 -0.538851   -0.6566 -0.331739 -0.611879 
  -0.856373  0.699492   1.05917  0.194973   1.34416  0.536402  0.525233 
   0.827785   1.26433   1.70515   2.16933   2.08447   1.44416   2.43663 
    1.90578   1.69834 
   0.696775   1.58419   0.22774 -0.339272  0.695064   1.46968   2.10291 
    2.34677   1.94122   1.15073   2.53347   1.57547  0.977033  0.984683 
     1.3203   1.25319  0.507191   0.43053   1.17111   1.56937   1.70605 
    1.41382  0.706616  -0.36605 -0.628977 -0.927186 -0.595711 -0.767452 
  -0.474591 -0.343687 -0.308151 -0.451576 -0.355504  0.251978  0.221205 
   0.458002  0.598537 
  -0.267902 -0.333319  0.161416 0.0148758  0.140032 -0.199795 -0.376331 
  -0.818615 -0.674394  0.239075  0.117431 -0.179541 -0.126941  0.125008 
   0.344412  0.434075  0.345507  0.358089  0.517116  0.977397   1.10318 
   0.929257   1.27401  0.949997  0.169124 -0.367302 -0.375047 -0.455649 
  -0.528855 -0.824058  -0.92778  -1.31491   -1.6732  -2.01114  -1.66345 
    -1.6265  -1.66931 
    1.11546  0.366678 -0.310819  -0.42048 -0.146156  -1.51406  -2.01059 
   -2.12923  -2.03951  -2.41291  -1.64115  -1.45647  -1.90666  -1.78885 
   -1.59138  -1.49821  -1.54768  -1.62609  -1.49171   -1.2991  -1.37192 
   -1.68586  -2.02126  -2.05725  -1.90061  -1.55654   -1.7608   -1.8882 
   -2.03044  -1.93622  -1.65705  -1.40558  -1.49039  -1.65852  -1.47123 
   -1.04982 -0.777577 
   -1.70651  -1.44961  -1.63891  -1.96208  -1.98015  -1.93423  -1.84833 
   -1.82059  -1.79932  -1.80826  -1.73289  -1.33538 -0.790778 -0.432678 
  -0.0702661 -0.151332 -0.165524 -0.724088 -0.122603 -0.235565 -0.671151 
  -0.636492 -0.781564  -1.52184   -1.3792  -1.18933  -1.23515  -1.14716 
  -0.975271 -0.605963 -0.511301 -0.359394 -0.00792783 -0.360556  0.223084 
   0.401867  0.664737 
   0.411137 0.0700237 -0.0144654 -0.0981902  -0.14343  0.263935  0.709166 
   0.772144   1.17702  0.937532   1.15281   1.20133   1.33357   1.47668 
    1.83712   2.10904   1.63087   1.05279   1.36816   1.63762   1.40314 
    1.72228   1.01016 -0.376103 -0.391075  0.030245  0.366556 -0.0834833 
  -0.0543619  0.106184  -1.17106  -1.02186  -1.51553  -1.15952 -0.924903 
  -0.0594976  0.461698 
  -0.253361  0.713786  0.834906 0.0443499 0.0853253  0.388479  -1.49542 
    -1.7417  -2.26719  -1.35983  -0.99607 0.0230214  0.659662  0.549274 
   0.121296  -0.20493 -0.0378544  0.454204   0.77703  0.980166    1.2324 
    1.24756   1.20036   1.65285   1.54343   1.62342   2.37255   1.70966 
     2.5611   3.00354   1.70425   2.75254     -9999   3.38417   2.41373 
    2.70839   1.76052
